# unix_time, cycles_done, cur_path, paths_total, pending_total, pending_favs, map_size, unique_crashes, unique_hangs, max_depth, execs_per_sec
1528795986, 0, 0, 1, 1, 1, 2.86%, 0, 0, 1, 18.26
1528795991, 0, 0, 2, 2, 1, 2.86%, 0, 0, 2, 20.22
1528795996, 0, 0, 3, 3, 1, 2.86%, 0, 0, 2, 20.03
1528796001, 0, 0, 4, 4, 1, 2.86%, 0, 0, 2, 19.82
1528796011, 0, 1, 4, 3, 0, 2.86%, 0, 0, 2, 20.79
1528796032, 0, 2, 4, 2, 0, 2.86%, 0, 0, 2, 21.17
1528796052, 0, 3, 4, 1, 0, 2.86%, 0, 0, 2, 21.23
1528796072, 1, 1, 4, 0, 0, 2.86%, 0, 0, 2, 20.75
1528796078, 1, 3, 4, 0, 0, 2.86%, 0, 0, 2, 20.63
1528796083, 2, 1, 4, 0, 0, 2.86%, 0, 0, 2, 21.14
1528796088, 2, 3, 4, 0, 0, 2.86%, 0, 0, 2, 21.03
1528796093, 3, 1, 4, 0, 0, 2.86%, 0, 0, 2, 22.15
1528796098, 4, 0, 4, 0, 0, 2.86%, 0, 0, 2, 23.59
1528796103, 4, 1, 5, 1, 0, 2.87%, 0, 0, 3, 23.87
1528796108, 4, 4, 5, 1, 1, 2.87%, 0, 0, 3, 24.14
1528796149, 5, 0, 5, 0, 0, 2.87%, 0, 0, 3, 20.56
1528796154, 5, 2, 5, 0, 0, 2.87%, 0, 0, 3, 21.31
1528796159, 5, 4, 5, 0, 0, 2.87%, 0, 0, 3, 22.12
1528796164, 6, 2, 5, 0, 0, 2.87%, 0, 0, 3, 21.17
1528796170, 6, 4, 5, 0, 0, 2.87%, 0, 0, 3, 20.95
1528796175, 7, 1, 5, 0, 0, 2.87%, 0, 0, 3, 21.58
1528796180, 7, 3, 5, 0, 0, 2.87%, 0, 0, 3, 22.24
1528796185, 8, 0, 5, 0, 0, 2.87%, 0, 0, 3, 21.19
1528796190, 8, 2, 5, 0, 0, 2.87%, 0, 0, 3, 22.00
1528796195, 9, 0, 5, 0, 0, 2.87%, 0, 0, 3, 21.59
1528796200, 9, 2, 5, 0, 0, 2.87%, 0, 0, 3, 21.33
1528796205, 9, 4, 5, 0, 0, 2.87%, 0, 0, 3, 21.75
1528796211, 10, 1, 5, 0, 0, 2.87%, 0, 0, 3, 20.86
1528796216, 10, 3, 5, 0, 0, 2.87%, 0, 0, 3, 20.41
1528796221, 11, 0, 5, 0, 0, 2.87%, 0, 0, 3, 19.75
1528796226, 11, 1, 5, 0, 0, 2.87%, 0, 0, 3, 14.35
1528796231, 11, 3, 5, 0, 0, 2.87%, 0, 0, 3, 12.91
1528796236, 11, 4, 5, 0, 0, 2.87%, 0, 0, 3, 12.52
1528796241, 12, 0, 5, 0, 0, 2.87%, 0, 0, 3, 12.34
1528796246, 12, 1, 5, 0, 0, 2.87%, 0, 0, 3, 12.24
1528796251, 12, 3, 5, 0, 0, 2.87%, 0, 0, 3, 12.28
1528796256, 12, 4, 5, 0, 0, 2.87%, 0, 0, 3, 12.46
1528796262, 13, 0, 5, 0, 0, 2.87%, 0, 0, 3, 12.40
1528796267, 13, 1, 5, 0, 0, 2.87%, 0, 0, 3, 12.19
1528796272, 13, 2, 6, 1, 0, 2.87%, 0, 0, 3, 12.15
1528796277, 13, 3, 6, 1, 0, 2.87%, 0, 0, 3, 12.36
1528796282, 13, 4, 6, 1, 0, 2.87%, 0, 0, 3, 12.16
1528796287, 13, 5, 6, 1, 0, 2.87%, 0, 0, 3, 12.37
1528796349, 14, 0, 6, 0, 0, 2.87%, 0, 0, 3, 12.92
1528796354, 14, 2, 6, 0, 0, 2.87%, 0, 0, 3, 13.29
1528796359, 14, 2, 7, 1, 0, 2.87%, 0, 0, 3, 13.54
1528796364, 14, 3, 7, 1, 0, 2.87%, 0, 0, 3, 13.88
1528796369, 14, 5, 7, 1, 0, 2.87%, 0, 0, 3, 14.00
1528796385, 14, 6, 7, 1, 0, 2.87%, 0, 0, 3, 14.06
1528796431, 15, 0, 7, 0, 0, 2.87%, 0, 0, 3, 14.21
1528796436, 15, 1, 7, 0, 0, 2.87%, 0, 0, 3, 14.11
1528796441, 15, 3, 7, 0, 0, 2.87%, 0, 0, 3, 14.07
1528796446, 15, 4, 7, 0, 0, 2.87%, 0, 0, 3, 13.92
1528796451, 15, 5, 7, 0, 0, 2.87%, 0, 0, 3, 14.14
1528796462, 15, 6, 7, 0, 0, 2.87%, 0, 0, 3, 14.04
1528796472, 16, 0, 7, 0, 0, 2.87%, 0, 0, 3, 14.01
1528796477, 16, 1, 7, 0, 0, 2.87%, 0, 0, 3, 13.12
1528796482, 16, 3, 7, 0, 0, 2.87%, 0, 0, 3, 13.04
1528796487, 16, 4, 7, 0, 0, 2.87%, 0, 0, 3, 12.76
1528796492, 16, 5, 7, 0, 0, 2.87%, 0, 0, 3, 13.05
1528796497, 16, 6, 7, 0, 0, 2.87%, 0, 0, 3, 13.10
1528796508, 17, 0, 7, 0, 0, 2.87%, 0, 0, 3, 13.42
1528796513, 17, 1, 7, 0, 0, 2.87%, 0, 0, 3, 13.47
1528796518, 17, 2, 7, 0, 0, 2.87%, 0, 0, 3, 13.44
1528796523, 17, 4, 7, 0, 0, 2.87%, 0, 0, 3, 12.69
1528796528, 17, 5, 7, 0, 0, 2.87%, 0, 0, 3, 13.03
1528796533, 17, 6, 7, 0, 0, 2.87%, 0, 0, 3, 13.31
1528796538, 18, 0, 7, 0, 0, 2.87%, 0, 0, 3, 13.26
1528796544, 18, 2, 7, 0, 0, 2.87%, 0, 0, 3, 13.22
1528796549, 18, 3, 7, 0, 0, 2.87%, 0, 0, 3, 13.17
1528796554, 18, 4, 7, 0, 0, 2.87%, 0, 0, 3, 13.32
1528796559, 18, 6, 7, 0, 0, 2.87%, 0, 0, 3, 13.11
1528796564, 19, 0, 7, 0, 0, 2.87%, 0, 0, 3, 13.53
1528796569, 19, 1, 7, 0, 0, 2.87%, 0, 0, 3, 13.56
1528796574, 19, 3, 7, 0, 0, 2.87%, 0, 0, 3, 13.41
1528796579, 19, 4, 7, 0, 0, 2.87%, 0, 0, 3, 13.53
1528796585, 19, 6, 7, 0, 0, 2.87%, 0, 0, 3, 13.55
1528796590, 20, 0, 7, 0, 0, 2.87%, 0, 0, 3, 13.04
1528796595, 20, 1, 7, 0, 0, 2.87%, 0, 0, 3, 13.46
1528796600, 20, 3, 7, 0, 0, 2.87%, 0, 0, 3, 13.48
1528796605, 20, 4, 7, 0, 0, 2.87%, 0, 0, 3, 13.56
1528796610, 20, 6, 7, 0, 0, 2.87%, 0, 0, 3, 13.72
1528796615, 21, 0, 7, 0, 0, 2.87%, 0, 0, 3, 13.65
1528796620, 21, 2, 7, 0, 0, 2.87%, 0, 0, 3, 13.98
1528796625, 21, 3, 7, 0, 0, 2.87%, 0, 0, 3, 14.09
1528796631, 21, 5, 7, 0, 0, 2.87%, 0, 0, 3, 13.91
1528796636, 21, 6, 7, 0, 0, 2.87%, 0, 0, 3, 13.04
1528796641, 22, 1, 7, 0, 0, 2.87%, 0, 0, 3, 13.38
1528796646, 22, 2, 7, 0, 0, 2.87%, 0, 0, 3, 13.52
1528796651, 22, 2, 8, 1, 0, 2.87%, 0, 0, 3, 13.32
1528796656, 22, 4, 8, 1, 0, 2.87%, 0, 0, 3, 13.45
1528796661, 22, 5, 8, 1, 0, 2.87%, 0, 0, 3, 13.92
1528796666, 22, 7, 8, 1, 0, 2.87%, 0, 0, 3, 14.07
1528796728, 23, 0, 8, 0, 0, 2.87%, 0, 0, 3, 13.34
1528796733, 23, 1, 8, 0, 0, 2.87%, 0, 0, 3, 13.15
1528796738, 23, 3, 8, 0, 0, 2.87%, 0, 0, 3, 13.16
1528796743, 23, 4, 8, 0, 0, 2.87%, 0, 0, 3, 13.61
1528796748, 23, 6, 8, 0, 0, 2.87%, 0, 0, 3, 13.60
1528796753, 23, 7, 8, 0, 0, 2.87%, 0, 0, 3, 13.71
1528796763, 24, 0, 8, 0, 0, 2.87%, 0, 0, 3, 13.75
1528796768, 24, 1, 8, 0, 0, 2.87%, 0, 0, 3, 13.82
1528796773, 24, 3, 8, 0, 0, 2.87%, 0, 0, 3, 14.10
1528796779, 24, 4, 8, 0, 0, 2.87%, 0, 0, 3, 13.92
1528796784, 24, 6, 8, 0, 0, 2.87%, 0, 0, 3, 13.72
1528796789, 24, 7, 8, 0, 0, 2.87%, 0, 0, 3, 13.93
1528796799, 25, 0, 8, 0, 0, 2.87%, 0, 0, 3, 13.61
1528796804, 25, 1, 8, 0, 0, 2.87%, 0, 0, 3, 13.35
1528796809, 25, 3, 8, 0, 0, 2.87%, 0, 0, 3, 13.45
1528796814, 25, 4, 8, 0, 0, 2.87%, 0, 0, 3, 12.47
1528796819, 25, 5, 8, 0, 0, 2.87%, 0, 0, 3, 12.78
1528796825, 25, 7, 8, 0, 0, 2.87%, 0, 0, 3, 12.88
1528796835, 26, 0, 8, 0, 0, 2.87%, 0, 0, 3, 13.00
1528796840, 26, 0, 9, 1, 0, 2.87%, 0, 0, 3, 13.10
1528796845, 26, 1, 9, 1, 0, 2.87%, 0, 0, 3, 13.46
1528796850, 26, 3, 9, 1, 0, 2.87%, 0, 0, 3, 13.70
1528796855, 26, 4, 9, 1, 0, 2.87%, 0, 0, 3, 12.85
1528796860, 26, 5, 9, 1, 0, 2.87%, 0, 0, 3, 12.05
1528796865, 26, 7, 9, 1, 0, 2.87%, 0, 0, 3, 11.62
1528796881, 26, 8, 9, 1, 0, 2.87%, 0, 0, 3, 11.77
1528797133, 27, 1, 9, 0, 0, 2.87%, 0, 0, 3, 15.64
1528797138, 27, 2, 9, 0, 0, 2.87%, 0, 0, 3, 15.00
1528797143, 27, 4, 9, 0, 0, 2.87%, 0, 0, 3, 15.08
1528797148, 27, 6, 9, 0, 0, 2.87%, 0, 0, 3, 15.03
1528797153, 27, 7, 9, 0, 0, 2.87%, 0, 0, 3, 15.86
1528797158, 27, 8, 9, 0, 0, 2.87%, 0, 0, 3, 15.85
1528797169, 28, 1, 9, 0, 0, 2.87%, 0, 0, 3, 15.58
1528797174, 28, 2, 9, 0, 0, 2.87%, 0, 0, 3, 16.17
1528797179, 28, 4, 9, 0, 0, 2.87%, 0, 0, 3, 16.10
1528797184, 28, 6, 9, 0, 0, 2.87%, 0, 0, 3, 15.29
1528797189, 28, 7, 9, 0, 0, 2.87%, 0, 0, 3, 15.40
1528797194, 28, 8, 9, 0, 0, 2.87%, 0, 0, 3, 15.62
1528797205, 29, 1, 9, 0, 0, 2.87%, 0, 0, 3, 15.80
1528797210, 29, 2, 9, 0, 0, 2.87%, 0, 0, 3, 14.80
1528797215, 29, 4, 9, 0, 0, 2.87%, 0, 0, 3, 14.87
1528797220, 29, 6, 9, 0, 0, 2.87%, 0, 0, 3, 15.77
1528797225, 29, 8, 9, 0, 0, 2.87%, 0, 0, 3, 15.92
1528797235, 30, 0, 9, 0, 0, 2.87%, 0, 0, 3, 15.99
1528797241, 30, 2, 9, 0, 0, 2.87%, 0, 0, 3, 16.16
1528797246, 30, 3, 9, 0, 0, 2.87%, 0, 0, 3, 15.66
1528797251, 30, 5, 9, 0, 0, 2.87%, 0, 0, 3, 15.72
1528797256, 30, 7, 9, 0, 0, 2.87%, 0, 0, 3, 16.10
1528797261, 30, 8, 9, 0, 0, 2.87%, 0, 0, 3, 16.02
1528797271, 31, 1, 9, 0, 0, 2.87%, 0, 0, 3, 15.84
1528797277, 31, 3, 9, 0, 0, 2.87%, 0, 0, 3, 15.61
1528797282, 31, 4, 9, 0, 0, 2.87%, 0, 0, 3, 15.57
1528797287, 31, 6, 9, 0, 0, 2.87%, 0, 0, 3, 15.82
1528797292, 31, 8, 9, 0, 0, 2.87%, 0, 0, 3, 16.15
1528797302, 32, 0, 9, 0, 0, 2.87%, 0, 0, 3, 15.47
1528797307, 32, 2, 9, 0, 0, 2.87%, 0, 0, 3, 15.26
1528797312, 32, 3, 9, 0, 0, 2.87%, 0, 0, 3, 15.30
1528797318, 32, 5, 9, 0, 0, 2.87%, 0, 0, 3, 15.62
1528797323, 32, 7, 9, 0, 0, 2.87%, 0, 0, 3, 15.37
1528797328, 32, 8, 9, 0, 0, 2.87%, 0, 0, 3, 15.57
1528797333, 33, 1, 9, 0, 0, 2.87%, 0, 0, 3, 15.21
1528797338, 33, 2, 9, 0, 0, 2.87%, 0, 0, 3, 15.11
1528797343, 33, 4, 9, 0, 0, 2.87%, 0, 0, 3, 15.54
1528797348, 33, 6, 9, 0, 0, 2.87%, 0, 0, 3, 15.40
1528797353, 33, 8, 9, 0, 0, 2.87%, 0, 0, 3, 15.64
1528797359, 34, 0, 9, 0, 0, 2.87%, 0, 0, 3, 15.37
1528797364, 34, 1, 9, 0, 0, 2.87%, 0, 0, 3, 15.50
1528797369, 34, 3, 9, 0, 0, 2.87%, 0, 0, 3, 15.91
1528797374, 34, 5, 9, 0, 0, 2.87%, 0, 0, 3, 15.79
1528797379, 34, 7, 9, 0, 0, 2.87%, 0, 0, 3, 15.97
1528797384, 35, 0, 9, 0, 0, 2.87%, 0, 0, 3, 15.95
1528797389, 35, 1, 9, 0, 0, 2.87%, 0, 0, 3, 15.62
1528797394, 35, 3, 9, 0, 0, 2.87%, 0, 0, 3, 15.93
1528797400, 35, 5, 9, 0, 0, 2.87%, 0, 0, 3, 15.88
1528797405, 35, 7, 9, 0, 0, 2.87%, 0, 0, 3, 15.90
1528797410, 36, 0, 9, 0, 0, 2.87%, 0, 0, 3, 15.75
1528797415, 36, 1, 9, 0, 0, 2.87%, 0, 0, 3, 15.88
1528797420, 36, 3, 9, 0, 0, 2.87%, 0, 0, 3, 15.70
1528797425, 36, 4, 9, 0, 0, 2.87%, 0, 0, 3, 15.20
1528797430, 36, 7, 9, 0, 0, 2.87%, 0, 0, 3, 15.60
1528797435, 37, 0, 9, 0, 0, 2.87%, 0, 0, 3, 15.30
1528797440, 37, 1, 9, 0, 0, 2.87%, 0, 0, 3, 15.17
1528797445, 37, 2, 9, 0, 0, 2.87%, 0, 0, 3, 14.03
1528797450, 37, 4, 9, 0, 0, 2.87%, 0, 0, 3, 14.36
1528797456, 37, 6, 9, 0, 0, 2.87%, 0, 0, 3, 15.49
1528797461, 37, 8, 9, 0, 0, 2.87%, 0, 0, 3, 15.41
1528797466, 38, 1, 9, 0, 0, 2.87%, 0, 0, 3, 15.18
1528797471, 38, 2, 9, 0, 0, 2.87%, 0, 0, 3, 15.42
1528797476, 38, 4, 9, 0, 0, 2.87%, 0, 0, 3, 15.39
1528797481, 38, 6, 9, 0, 0, 2.87%, 0, 0, 3, 15.20
1528797486, 38, 8, 9, 0, 0, 2.87%, 0, 0, 3, 14.98
1528797492, 39, 0, 9, 0, 0, 2.87%, 0, 0, 3, 14.30
1528797497, 39, 2, 9, 0, 0, 2.87%, 0, 0, 3, 14.38
1528797502, 39, 3, 9, 0, 0, 2.87%, 0, 0, 3, 14.31
1528797507, 39, 4, 9, 0, 0, 2.87%, 0, 0, 3, 13.61
1528797512, 39, 6, 9, 0, 0, 2.87%, 0, 0, 3, 13.98
1528797517, 39, 8, 9, 0, 0, 2.87%, 0, 0, 3, 13.85
1528797522, 40, 1, 9, 0, 0, 2.87%, 0, 0, 3, 14.00
1528797527, 40, 2, 9, 0, 0, 2.87%, 0, 0, 3, 14.05
1528797532, 40, 3, 9, 0, 0, 2.87%, 0, 0, 3, 14.19
1528797537, 40, 5, 9, 0, 0, 2.87%, 0, 0, 3, 14.05
1528797542, 40, 7, 9, 0, 0, 2.87%, 0, 0, 3, 14.09
1528797547, 41, 0, 9, 0, 0, 2.87%, 0, 0, 3, 14.54
1528797552, 41, 1, 9, 0, 0, 2.87%, 0, 0, 3, 14.50
1528797557, 41, 3, 9, 0, 0, 2.87%, 0, 0, 3, 14.69
1528797563, 41, 4, 9, 0, 0, 2.87%, 0, 0, 3, 14.65
1528797568, 41, 6, 9, 0, 0, 2.87%, 0, 0, 3, 14.54
1528797573, 41, 8, 9, 0, 0, 2.87%, 0, 0, 3, 14.59
1528797578, 42, 0, 9, 0, 0, 2.87%, 0, 0, 3, 14.47
1528797583, 42, 2, 9, 0, 0, 2.87%, 0, 0, 3, 14.42
1528797588, 42, 3, 9, 0, 0, 2.87%, 0, 0, 3, 14.38
1528797593, 42, 5, 9, 0, 0, 2.87%, 0, 0, 3, 14.50
1528797599, 42, 7, 9, 0, 0, 2.87%, 0, 0, 3, 14.22
1528797604, 43, 0, 9, 0, 0, 2.87%, 0, 0, 3, 13.90
1528797609, 43, 1, 9, 0, 0, 2.87%, 0, 0, 3, 14.17
1528797614, 43, 3, 9, 0, 0, 2.87%, 0, 0, 3, 14.20
1528797619, 43, 4, 9, 0, 0, 2.87%, 0, 0, 3, 13.77
1528797624, 43, 6, 9, 0, 0, 2.87%, 0, 0, 3, 13.85
1528797629, 43, 8, 9, 0, 0, 2.87%, 0, 0, 3, 14.44
1528797634, 44, 0, 9, 0, 0, 2.87%, 0, 0, 3, 14.28
1528797639, 44, 2, 9, 0, 0, 2.87%, 0, 0, 3, 14.37
1528797645, 44, 3, 9, 0, 0, 2.87%, 0, 0, 3, 14.31
1528797650, 44, 5, 9, 0, 0, 2.87%, 0, 0, 3, 14.52
1528797655, 44, 7, 9, 0, 0, 2.87%, 0, 0, 3, 14.60
1528797660, 45, 0, 9, 0, 0, 2.87%, 0, 0, 3, 14.44
1528797665, 45, 1, 9, 0, 0, 2.87%, 0, 0, 3, 14.46
1528797670, 45, 2, 9, 0, 0, 2.87%, 0, 0, 3, 14.63
1528797675, 45, 4, 9, 0, 0, 2.87%, 0, 0, 3, 14.37
1528797680, 45, 6, 9, 0, 0, 2.87%, 0, 0, 3, 14.51
1528797685, 45, 7, 9, 0, 0, 2.87%, 0, 0, 3, 14.25
1528797691, 46, 0, 9, 0, 0, 2.87%, 0, 0, 3, 14.45
1528797696, 46, 2, 9, 0, 0, 2.87%, 0, 0, 3, 14.32
1528797701, 46, 3, 9, 0, 0, 2.87%, 0, 0, 3, 14.32
1528797706, 46, 4, 9, 0, 0, 2.87%, 0, 0, 3, 14.32
1528797711, 46, 6, 9, 0, 0, 2.87%, 0, 0, 3, 14.44
1528797716, 46, 8, 9, 0, 0, 2.87%, 0, 0, 3, 14.49
1528797721, 47, 1, 9, 0, 0, 2.87%, 0, 0, 3, 14.41
1528797726, 47, 2, 9, 0, 0, 2.87%, 0, 0, 3, 14.37
1528797732, 47, 4, 9, 0, 0, 2.87%, 0, 0, 3, 14.54
1528797737, 47, 6, 9, 0, 0, 2.87%, 0, 0, 3, 14.37
1528797742, 47, 7, 9, 0, 0, 2.87%, 0, 0, 3, 14.62
1528797747, 48, 0, 9, 0, 0, 2.87%, 0, 0, 3, 14.45
1528797752, 48, 2, 9, 0, 0, 2.87%, 0, 0, 3, 14.35
1528797757, 48, 3, 9, 0, 0, 2.87%, 0, 0, 3, 14.35
1528797762, 48, 5, 9, 0, 0, 2.87%, 0, 0, 3, 14.18
1528797767, 48, 6, 9, 0, 0, 2.87%, 0, 0, 3, 14.44
1528797773, 48, 8, 9, 0, 0, 2.87%, 0, 0, 3, 14.36
1528797778, 49, 1, 9, 0, 0, 2.87%, 0, 0, 3, 14.52
1528797783, 49, 2, 9, 0, 0, 2.87%, 0, 0, 3, 14.44
1528797788, 49, 4, 9, 0, 0, 2.87%, 0, 0, 3, 14.34
1528797793, 49, 5, 9, 0, 0, 2.87%, 0, 0, 3, 14.22
1528797798, 49, 7, 9, 0, 0, 2.87%, 0, 0, 3, 14.29
1528797803, 50, 0, 9, 0, 0, 2.87%, 0, 0, 3, 14.51
1528797808, 50, 2, 9, 0, 0, 2.87%, 0, 0, 3, 14.15
1528797814, 50, 3, 9, 0, 0, 2.87%, 0, 0, 3, 14.33
1528797819, 50, 4, 9, 0, 0, 2.87%, 0, 0, 3, 14.43
1528797824, 50, 6, 9, 0, 0, 2.87%, 0, 0, 3, 14.59
1528797829, 50, 8, 9, 0, 0, 2.87%, 0, 0, 3, 14.57
1528797834, 51, 1, 9, 0, 0, 2.87%, 0, 0, 3, 14.84
1528797839, 51, 2, 9, 0, 0, 2.87%, 0, 0, 3, 14.59
1528797844, 51, 4, 9, 0, 0, 2.87%, 0, 0, 3, 14.56
1528797849, 51, 6, 9, 0, 0, 2.87%, 0, 0, 3, 14.53
1528797855, 51, 8, 9, 0, 0, 2.87%, 0, 0, 3, 14.59
1528797860, 52, 0, 9, 0, 0, 2.87%, 0, 0, 3, 14.84
1528797865, 52, 2, 9, 0, 0, 2.87%, 0, 0, 3, 14.60
1528797870, 52, 3, 9, 0, 0, 2.87%, 0, 0, 3, 14.64
1528797875, 52, 5, 9, 0, 0, 2.87%, 0, 0, 3, 14.71
1528797880, 52, 7, 9, 0, 0, 2.87%, 0, 0, 3, 14.55
1528797885, 53, 0, 9, 0, 0, 2.87%, 0, 0, 3, 14.57
1528797891, 53, 1, 9, 0, 0, 2.87%, 0, 0, 3, 14.38
1528797896, 53, 3, 9, 0, 0, 2.87%, 0, 0, 3, 14.67
1528797901, 53, 4, 9, 0, 0, 2.87%, 0, 0, 3, 14.59
1528797906, 53, 6, 9, 0, 0, 2.87%, 0, 0, 3, 14.60
1528797911, 53, 8, 9, 0, 0, 2.87%, 0, 0, 3, 14.52
1528797916, 54, 0, 9, 0, 0, 2.87%, 0, 0, 3, 14.31
1528797921, 54, 2, 9, 0, 0, 2.87%, 0, 0, 3, 14.23
1528797927, 54, 3, 9, 0, 0, 2.87%, 0, 0, 3, 14.27
1528797932, 54, 5, 9, 0, 0, 2.87%, 0, 0, 3, 14.54
1528797937, 54, 7, 9, 0, 0, 2.87%, 0, 0, 3, 14.53
1528797942, 55, 0, 9, 0, 0, 2.87%, 0, 0, 3, 14.33
1528797947, 55, 1, 9, 0, 0, 2.87%, 0, 0, 3, 14.55
1528797952, 55, 3, 9, 0, 0, 2.87%, 0, 0, 3, 14.48
1528797957, 55, 4, 9, 0, 0, 2.87%, 0, 0, 3, 14.44
1528797962, 55, 6, 9, 0, 0, 2.87%, 0, 0, 3, 14.58
1528797967, 55, 8, 9, 0, 0, 2.87%, 0, 0, 3, 14.45
1528797972, 56, 0, 9, 0, 0, 2.87%, 0, 0, 3, 14.52
1528797977, 56, 2, 9, 0, 0, 2.87%, 0, 0, 3, 14.55
1528797982, 56, 3, 9, 0, 0, 2.87%, 0, 0, 3, 14.59
1528797987, 56, 5, 9, 0, 0, 2.87%, 0, 0, 3, 14.54
1528797992, 56, 7, 9, 0, 0, 2.87%, 0, 0, 3, 14.48
1528797998, 57, 0, 9, 0, 0, 2.87%, 0, 0, 3, 14.65
1528798003, 57, 1, 9, 0, 0, 2.87%, 0, 0, 3, 14.50
1528798008, 57, 3, 9, 0, 0, 2.87%, 0, 0, 3, 14.54
1528798013, 57, 4, 9, 0, 0, 2.87%, 0, 0, 3, 14.60
1528798018, 57, 6, 9, 0, 0, 2.87%, 0, 0, 3, 14.68
1528798023, 57, 8, 9, 0, 0, 2.87%, 0, 0, 3, 14.57
1528798028, 58, 0, 9, 0, 0, 2.87%, 0, 0, 3, 14.51
1528798034, 58, 2, 9, 0, 0, 2.87%, 0, 0, 3, 14.03
1528798039, 58, 3, 9, 0, 0, 2.87%, 0, 0, 3, 14.43
1528798044, 58, 5, 9, 0, 0, 2.87%, 0, 0, 3, 14.47
1528798049, 58, 7, 9, 0, 0, 2.87%, 0, 0, 3, 14.64
1528798054, 59, 0, 9, 0, 0, 2.87%, 0, 0, 3, 14.86
1528798059, 59, 1, 9, 0, 0, 2.87%, 0, 0, 3, 14.74
1528798064, 59, 3, 9, 0, 0, 2.87%, 0, 0, 3, 14.74
1528798070, 59, 4, 9, 0, 0, 2.87%, 0, 0, 3, 14.64
1528798075, 59, 6, 9, 0, 0, 2.87%, 0, 0, 3, 14.80
1528798080, 59, 8, 9, 0, 0, 2.87%, 0, 0, 3, 14.34
1528798085, 60, 1, 9, 0, 0, 2.87%, 0, 0, 3, 14.64
1528798090, 60, 2, 9, 0, 0, 2.87%, 0, 0, 3, 14.65
1528798095, 60, 4, 9, 0, 0, 2.87%, 0, 0, 3, 14.71
1528798100, 60, 5, 9, 0, 0, 2.87%, 0, 0, 3, 14.62
1528798105, 60, 7, 9, 0, 0, 2.87%, 0, 0, 3, 14.71
1528798110, 61, 0, 9, 0, 0, 2.87%, 0, 0, 3, 14.48
1528798116, 61, 1, 9, 0, 0, 2.87%, 0, 0, 3, 14.49
1528798121, 61, 3, 9, 0, 0, 2.87%, 0, 0, 3, 14.63
1528798126, 61, 4, 9, 0, 0, 2.87%, 0, 0, 3, 14.72
1528798131, 61, 6, 9, 0, 0, 2.87%, 0, 0, 3, 14.76
1528798136, 61, 8, 9, 0, 0, 2.87%, 0, 0, 3, 13.89
1528798141, 62, 1, 9, 0, 0, 2.87%, 0, 0, 3, 14.37
1528798146, 62, 2, 9, 0, 0, 2.87%, 0, 0, 3, 14.29
1528798152, 62, 4, 9, 0, 0, 2.87%, 0, 0, 3, 14.29
1528798157, 62, 5, 9, 0, 0, 2.87%, 0, 0, 3, 14.35
1528798162, 62, 7, 9, 0, 0, 2.87%, 0, 0, 3, 14.20
1528798167, 63, 0, 9, 0, 0, 2.87%, 0, 0, 3, 14.28
1528798172, 63, 1, 9, 0, 0, 2.87%, 0, 0, 3, 14.12
1528798177, 63, 3, 9, 0, 0, 2.87%, 0, 0, 3, 14.57
1528798182, 63, 4, 9, 0, 0, 2.87%, 0, 0, 3, 14.32
1528798187, 63, 6, 9, 0, 0, 2.87%, 0, 0, 3, 14.47
1528798193, 63, 8, 9, 0, 0, 2.87%, 0, 0, 3, 14.54
1528798198, 64, 1, 9, 0, 0, 2.87%, 0, 0, 3, 14.56
1528798203, 64, 2, 9, 0, 0, 2.87%, 0, 0, 3, 14.33
1528798208, 64, 4, 9, 0, 0, 2.87%, 0, 0, 3, 14.26
1528798213, 64, 5, 9, 0, 0, 2.87%, 0, 0, 3, 14.50
1528798218, 64, 7, 9, 0, 0, 2.87%, 0, 0, 3, 14.70
1528798223, 65, 0, 9, 0, 0, 2.87%, 0, 0, 3, 14.21
1528798228, 65, 1, 9, 0, 0, 2.87%, 0, 0, 3, 14.45
1528798234, 65, 3, 9, 0, 0, 2.87%, 0, 0, 3, 14.62
1528798239, 65, 4, 9, 0, 0, 2.87%, 0, 0, 3, 14.58
1528798244, 65, 6, 9, 0, 0, 2.87%, 0, 0, 3, 14.41
1528798249, 65, 8, 9, 0, 0, 2.87%, 0, 0, 3, 14.46
1528798254, 66, 1, 9, 0, 0, 2.87%, 0, 0, 3, 14.46
1528798259, 66, 2, 9, 0, 0, 2.87%, 0, 0, 3, 14.47
1528798264, 66, 4, 9, 0, 0, 2.87%, 0, 0, 3, 14.48
1528798269, 66, 5, 9, 0, 0, 2.87%, 0, 0, 3, 14.37
1528798274, 66, 7, 9, 0, 0, 2.87%, 0, 0, 3, 14.36
1528798279, 67, 0, 9, 0, 0, 2.87%, 0, 0, 3, 14.61
1528798284, 67, 1, 9, 0, 0, 2.87%, 0, 0, 3, 14.29
1528798289, 67, 3, 9, 0, 0, 2.87%, 0, 0, 3, 14.33
1528798295, 67, 4, 9, 0, 0, 2.87%, 0, 0, 3, 13.07
1528798300, 67, 6, 9, 0, 0, 2.87%, 0, 0, 3, 13.27
1528798305, 67, 7, 9, 0, 0, 2.87%, 0, 0, 3, 12.61
1528798310, 68, 0, 9, 0, 0, 2.87%, 0, 0, 3, 11.26
1528798315, 68, 1, 9, 0, 0, 2.87%, 0, 0, 3, 11.68
1528798320, 68, 1, 10, 1, 0, 2.87%, 0, 0, 3, 11.98
1528798325, 68, 9, 10, 1, 1, 2.87%, 0, 0, 3, 11.79
1528802701, 68, 9, 11, 2, 1, 2.87%, 0, 0, 4, 13.00
1528805612, 68, 9, 12, 3, 1, 2.87%, 0, 0, 4, 10.54
