# unix_time, cycles_done, cur_path, paths_total, pending_total, pending_favs, map_size, unique_crashes, unique_hangs, max_depth, execs_per_sec
1528801365, 0, 0, 1, 1, 1, 0.59%, 0, 0, 1, 10.26
1528801386, 2, 0, 1, 0, 0, 0.59%, 0, 0, 1, 61.60
1528801391, 5, 0, 1, 0, 0, 0.59%, 0, 0, 1, 60.20
1528801396, 7, 0, 1, 0, 0, 0.59%, 0, 0, 1, 60.55
1528801402, 10, 0, 1, 0, 0, 0.59%, 0, 0, 1, 61.52
1528801407, 12, 0, 1, 0, 0, 0.59%, 0, 0, 1, 61.12
1528801412, 15, 0, 1, 0, 0, 0.59%, 0, 0, 1, 62.00
1528801417, 17, 0, 1, 0, 0, 0.59%, 0, 0, 1, 61.56
1528801422, 20, 0, 1, 0, 0, 0.59%, 0, 0, 1, 61.36
1528801427, 22, 0, 1, 0, 0, 0.59%, 0, 0, 1, 61.30
1528801433, 24, 0, 1, 0, 0, 0.59%, 0, 0, 1, 61.41
1528801438, 27, 0, 1, 0, 0, 0.59%, 0, 0, 1, 61.20
1528801443, 29, 0, 1, 0, 0, 0.59%, 0, 0, 1, 60.97
1528801448, 32, 0, 1, 0, 0, 0.59%, 0, 0, 1, 59.90
1528801453, 34, 0, 1, 0, 0, 0.59%, 0, 0, 1, 59.73
1528801458, 37, 0, 1, 0, 0, 0.59%, 0, 0, 1, 60.30
1528801464, 39, 0, 1, 0, 0, 0.59%, 0, 0, 1, 62.13
1528801469, 42, 0, 1, 0, 0, 0.59%, 0, 0, 1, 59.75
1528801474, 44, 0, 1, 0, 0, 0.59%, 0, 0, 1, 61.89
1528801479, 47, 0, 1, 0, 0, 0.59%, 0, 0, 1, 64.23
1528801484, 49, 0, 1, 0, 0, 0.59%, 0, 0, 1, 67.02
1528801489, 52, 0, 1, 0, 0, 0.59%, 0, 0, 1, 69.12
1528801495, 55, 0, 1, 0, 0, 0.59%, 0, 0, 1, 70.42
1528801500, 58, 0, 1, 0, 0, 0.59%, 0, 0, 1, 66.57
1528801505, 60, 0, 1, 0, 0, 0.59%, 0, 0, 1, 69.20
1528801510, 63, 0, 1, 0, 0, 0.59%, 0, 0, 1, 67.29
1528801515, 66, 0, 1, 0, 0, 0.59%, 0, 0, 1, 67.43
1528801520, 68, 0, 1, 0, 0, 0.59%, 0, 0, 1, 67.44
1528801525, 71, 0, 1, 0, 0, 0.59%, 0, 0, 1, 68.44
1528801531, 74, 0, 1, 0, 0, 0.59%, 0, 0, 1, 67.91
1528801536, 77, 0, 1, 0, 0, 0.59%, 0, 0, 1, 68.19
1528801541, 79, 0, 1, 0, 0, 0.59%, 0, 0, 1, 68.56
1528801546, 82, 0, 1, 0, 0, 0.59%, 0, 0, 1, 68.24
1528801551, 85, 0, 1, 0, 0, 0.59%, 0, 0, 1, 68.95
1528801556, 88, 0, 1, 0, 0, 0.59%, 0, 0, 1, 67.88
1528801562, 90, 0, 1, 0, 0, 0.59%, 0, 0, 1, 66.02
1528801567, 93, 0, 1, 0, 0, 0.59%, 0, 0, 1, 66.78
1528801572, 96, 0, 1, 0, 0, 0.59%, 0, 0, 1, 66.11
1528801577, 99, 0, 1, 0, 0, 0.59%, 0, 0, 1, 67.85
1528801582, 101, 0, 1, 0, 0, 0.59%, 0, 0, 1, 68.34
1528801587, 104, 0, 1, 0, 0, 0.59%, 0, 0, 1, 69.50
1528801593, 107, 0, 1, 0, 0, 0.59%, 0, 0, 1, 70.13
1528801598, 110, 0, 1, 0, 0, 0.59%, 0, 0, 1, 68.90
1528801603, 112, 0, 1, 0, 0, 0.59%, 0, 0, 1, 67.95
1528801608, 115, 0, 1, 0, 0, 0.59%, 0, 0, 1, 67.46
1528801613, 118, 0, 1, 0, 0, 0.59%, 0, 0, 1, 67.51
1528801619, 121, 0, 1, 0, 0, 0.59%, 0, 0, 1, 68.86
1528801624, 123, 0, 1, 0, 0, 0.59%, 0, 0, 1, 69.52
1528801629, 126, 0, 1, 0, 0, 0.59%, 0, 0, 1, 67.28
1528801634, 129, 0, 1, 0, 0, 0.59%, 0, 0, 1, 67.92
1528801639, 132, 0, 1, 0, 0, 0.59%, 0, 0, 1, 67.20
1528801644, 134, 0, 1, 0, 0, 0.59%, 0, 0, 1, 67.69
1528801649, 137, 0, 1, 0, 0, 0.59%, 0, 0, 1, 67.13
1528801655, 140, 0, 1, 0, 0, 0.59%, 0, 0, 1, 66.02
1528801660, 142, 0, 1, 0, 0, 0.59%, 0, 0, 1, 67.09
1528801665, 145, 0, 1, 0, 0, 0.59%, 0, 0, 1, 66.38
1528801670, 148, 0, 1, 0, 0, 0.59%, 0, 0, 1, 67.21
1528801675, 151, 0, 1, 0, 0, 0.59%, 0, 0, 1, 67.58
1528801680, 153, 0, 1, 0, 0, 0.59%, 0, 0, 1, 67.49
1528801685, 156, 0, 1, 0, 0, 0.59%, 0, 0, 1, 70.62
1528801691, 159, 0, 1, 0, 0, 0.59%, 0, 0, 1, 70.72
1528801696, 162, 0, 1, 0, 0, 0.59%, 0, 0, 1, 71.78
1528801701, 165, 0, 1, 0, 0, 0.59%, 0, 0, 1, 71.86
1528801706, 168, 0, 1, 0, 0, 0.59%, 0, 0, 1, 71.52
1528801711, 170, 0, 1, 0, 0, 0.59%, 0, 0, 1, 67.84
1528801716, 173, 0, 1, 0, 0, 0.59%, 0, 0, 1, 66.62
1528801722, 176, 0, 1, 0, 0, 0.59%, 0, 0, 1, 66.76
1528801727, 178, 0, 1, 0, 0, 0.59%, 0, 0, 1, 67.39
1528801732, 181, 0, 1, 0, 0, 0.59%, 0, 0, 1, 67.37
1528801737, 184, 0, 1, 0, 0, 0.59%, 0, 0, 1, 66.38
1528801742, 186, 0, 1, 0, 0, 0.59%, 0, 0, 1, 65.90
1528801747, 189, 0, 1, 0, 0, 0.59%, 0, 0, 1, 66.91
1528801753, 192, 0, 1, 0, 0, 0.59%, 0, 0, 1, 65.77
1528801758, 194, 0, 1, 0, 0, 0.59%, 0, 0, 1, 65.36
1528801763, 197, 0, 1, 0, 0, 0.59%, 0, 0, 1, 66.11
1528801768, 200, 0, 1, 0, 0, 0.59%, 0, 0, 1, 66.47
1528801773, 202, 0, 1, 0, 0, 0.59%, 0, 0, 1, 68.32
1528801778, 205, 0, 1, 0, 0, 0.59%, 0, 0, 1, 64.89
1528801783, 207, 0, 1, 0, 0, 0.59%, 0, 0, 1, 63.99
1528801788, 210, 0, 1, 0, 0, 0.59%, 0, 0, 1, 66.12
1528801794, 213, 0, 1, 0, 0, 0.59%, 0, 0, 1, 66.74
1528801799, 215, 0, 1, 0, 0, 0.59%, 0, 0, 1, 57.42
1528801804, 218, 0, 1, 0, 0, 0.59%, 0, 0, 1, 66.70
1528801809, 221, 0, 1, 0, 0, 0.59%, 0, 0, 1, 68.90
1528801814, 224, 0, 1, 0, 0, 0.59%, 0, 0, 1, 69.45
1528801819, 226, 0, 1, 0, 0, 0.59%, 0, 0, 1, 68.03
1528801824, 229, 0, 1, 0, 0, 0.59%, 0, 0, 1, 66.84
1528801829, 232, 0, 1, 0, 0, 0.59%, 0, 0, 1, 66.87
1528801835, 234, 0, 1, 0, 0, 0.59%, 0, 0, 1, 66.63
1528801840, 237, 0, 1, 0, 0, 0.59%, 0, 0, 1, 67.11
1528801845, 240, 0, 1, 0, 0, 0.59%, 0, 0, 1, 67.87
1528801850, 242, 0, 1, 0, 0, 0.59%, 0, 0, 1, 67.08
1528801855, 245, 0, 1, 0, 0, 0.59%, 0, 0, 1, 68.00
1528801861, 248, 0, 1, 0, 0, 0.59%, 0, 0, 1, 66.79
1528801866, 250, 0, 1, 0, 0, 0.59%, 0, 0, 1, 66.61
1528801871, 253, 0, 1, 0, 0, 0.59%, 0, 0, 1, 65.49
1528801876, 256, 0, 1, 0, 0, 0.59%, 0, 0, 1, 68.47
1528801881, 259, 0, 1, 0, 0, 0.59%, 0, 0, 1, 70.22
1528801886, 262, 0, 1, 0, 0, 0.59%, 0, 0, 1, 70.21
1528801892, 264, 0, 1, 0, 0, 0.59%, 0, 0, 1, 70.63
1528801897, 267, 0, 1, 0, 0, 0.59%, 0, 0, 1, 70.19
1528801902, 270, 0, 1, 0, 0, 0.59%, 0, 0, 1, 69.43
1528801907, 273, 0, 1, 0, 0, 0.59%, 0, 0, 1, 68.74
1528801912, 275, 0, 1, 0, 0, 0.59%, 0, 0, 1, 69.37
1528801917, 278, 0, 1, 0, 0, 0.59%, 0, 0, 1, 69.12
1528801922, 281, 0, 1, 0, 0, 0.59%, 0, 0, 1, 68.79
1528801928, 284, 0, 1, 0, 0, 0.59%, 0, 0, 1, 69.62
1528801933, 287, 0, 1, 0, 0, 0.59%, 0, 0, 1, 69.41
1528801938, 289, 0, 1, 0, 0, 0.59%, 0, 0, 1, 69.63
1528801943, 292, 0, 1, 0, 0, 0.59%, 0, 0, 1, 70.45
1528801948, 295, 0, 1, 0, 0, 0.59%, 0, 0, 1, 70.15
1528801953, 298, 0, 1, 0, 0, 0.59%, 0, 0, 1, 69.94
1528801958, 301, 0, 1, 0, 0, 0.59%, 0, 0, 1, 69.36
1528801964, 303, 0, 1, 0, 0, 0.59%, 0, 0, 1, 69.17
1528801969, 306, 0, 1, 0, 0, 0.59%, 0, 0, 1, 69.78
1528801974, 309, 0, 1, 0, 0, 0.59%, 0, 0, 1, 69.61
1528801979, 312, 0, 1, 0, 0, 0.59%, 0, 0, 1, 70.01
1528801984, 315, 0, 1, 0, 0, 0.59%, 0, 0, 1, 69.66
1528801989, 318, 0, 1, 0, 0, 0.59%, 0, 0, 1, 69.87
1528801995, 320, 0, 1, 0, 0, 0.59%, 0, 0, 1, 69.73
1528802000, 323, 0, 1, 0, 0, 0.59%, 0, 0, 1, 69.69
1528802005, 326, 0, 1, 0, 0, 0.59%, 0, 0, 1, 70.22
1528802010, 328, 0, 1, 0, 0, 0.59%, 0, 0, 1, 62.90
1528802015, 331, 0, 1, 0, 0, 0.59%, 0, 0, 1, 67.33
1528802020, 334, 0, 1, 0, 0, 0.59%, 0, 0, 1, 67.64
1528802025, 337, 0, 1, 0, 0, 0.59%, 0, 0, 1, 69.10
1528802031, 339, 0, 1, 0, 0, 0.59%, 0, 0, 1, 68.64
1528802036, 342, 0, 1, 0, 0, 0.59%, 0, 0, 1, 67.19
1528802041, 345, 0, 1, 0, 0, 0.59%, 0, 0, 1, 66.78
1528802046, 348, 0, 1, 0, 0, 0.59%, 0, 0, 1, 67.48
1528802051, 350, 0, 1, 0, 0, 0.59%, 0, 0, 1, 68.50
1528802056, 353, 0, 1, 0, 0, 0.59%, 0, 0, 1, 68.04
1528802062, 356, 0, 1, 0, 0, 0.59%, 0, 0, 1, 67.27
1528802067, 359, 0, 1, 0, 0, 0.59%, 0, 0, 1, 67.54
1528802072, 361, 0, 1, 0, 0, 0.59%, 0, 0, 1, 65.43
1528802077, 364, 0, 1, 0, 0, 0.59%, 0, 0, 1, 62.28
1528802082, 366, 0, 1, 0, 0, 0.59%, 0, 0, 1, 61.42
1528802087, 368, 0, 1, 0, 0, 0.59%, 0, 0, 1, 58.98
1528802092, 371, 0, 1, 0, 0, 0.59%, 0, 0, 1, 56.90
1528802097, 373, 0, 1, 0, 0, 0.59%, 0, 0, 1, 60.99
1528802102, 375, 0, 1, 0, 0, 0.59%, 0, 0, 1, 61.43
1528802108, 378, 0, 1, 0, 0, 0.59%, 0, 0, 1, 61.61
1528802113, 380, 0, 1, 0, 0, 0.59%, 0, 0, 1, 58.76
1528802118, 383, 0, 1, 0, 0, 0.59%, 0, 0, 1, 58.63
1528802123, 385, 0, 1, 0, 0, 0.59%, 0, 0, 1, 58.23
1528802128, 387, 0, 1, 0, 0, 0.59%, 0, 0, 1, 60.43
1528802133, 390, 0, 1, 0, 0, 0.59%, 0, 0, 1, 56.64
1528802139, 392, 0, 1, 0, 0, 0.59%, 0, 0, 1, 60.86
1528802144, 395, 0, 1, 0, 0, 0.59%, 0, 0, 1, 61.35
1528802149, 397, 0, 1, 0, 0, 0.59%, 0, 0, 1, 58.32
1528802154, 399, 0, 1, 0, 0, 0.59%, 0, 0, 1, 55.26
1528802159, 401, 0, 1, 0, 0, 0.59%, 0, 0, 1, 53.78
1528802164, 403, 0, 1, 0, 0, 0.59%, 0, 0, 1, 55.33
1528802169, 406, 0, 1, 0, 0, 0.59%, 0, 0, 1, 57.17
1528802174, 408, 0, 1, 0, 0, 0.59%, 0, 0, 1, 60.32
1528802179, 411, 0, 1, 0, 0, 0.59%, 0, 0, 1, 60.97
1528802184, 413, 0, 1, 0, 0, 0.59%, 0, 0, 1, 61.67
1528802189, 415, 0, 1, 0, 0, 0.59%, 0, 0, 1, 59.65
1528802194, 418, 0, 1, 0, 0, 0.59%, 0, 0, 1, 64.06
1528802199, 420, 0, 1, 0, 0, 0.59%, 0, 0, 1, 63.00
1528802205, 423, 0, 1, 0, 0, 0.59%, 0, 0, 1, 63.96
1528802210, 426, 0, 1, 0, 0, 0.59%, 0, 0, 1, 65.36
1528802215, 428, 0, 1, 0, 0, 0.59%, 0, 0, 1, 65.09
1528802220, 431, 0, 1, 0, 0, 0.59%, 0, 0, 1, 67.24
1528802225, 434, 0, 1, 0, 0, 0.59%, 0, 0, 1, 68.43
1528802230, 436, 0, 1, 0, 0, 0.59%, 0, 0, 1, 66.78
1528802235, 439, 0, 1, 0, 0, 0.59%, 0, 0, 1, 67.66
1528802240, 442, 0, 1, 0, 0, 0.59%, 0, 0, 1, 66.30
1528802246, 444, 0, 1, 0, 0, 0.59%, 0, 0, 1, 67.52
1528802251, 447, 0, 1, 0, 0, 0.59%, 0, 0, 1, 68.04
1528802256, 450, 0, 1, 0, 0, 0.59%, 0, 0, 1, 67.92
1528802261, 453, 0, 1, 0, 0, 0.59%, 0, 0, 1, 68.17
1528802266, 455, 0, 1, 0, 0, 0.59%, 0, 0, 1, 67.22
1528802271, 458, 0, 1, 0, 0, 0.59%, 0, 0, 1, 67.81
1528802277, 461, 0, 1, 0, 0, 0.59%, 0, 0, 1, 68.01
1528802282, 464, 0, 1, 0, 0, 0.59%, 0, 0, 1, 67.24
1528802287, 466, 0, 1, 0, 0, 0.59%, 0, 0, 1, 67.91
1528802292, 469, 0, 1, 0, 0, 0.59%, 0, 0, 1, 67.39
1528802297, 472, 0, 1, 0, 0, 0.59%, 0, 0, 1, 65.94
1528802302, 474, 0, 1, 0, 0, 0.59%, 0, 0, 1, 66.59
1528802308, 477, 0, 1, 0, 0, 0.59%, 0, 0, 1, 67.12
1528802313, 480, 0, 1, 0, 0, 0.59%, 0, 0, 1, 65.77
1528802318, 482, 0, 1, 0, 0, 0.59%, 0, 0, 1, 66.13
1528802323, 485, 0, 1, 0, 0, 0.59%, 0, 0, 1, 66.45
1528802328, 488, 0, 1, 0, 0, 0.59%, 0, 0, 1, 66.40
1528802333, 490, 0, 1, 0, 0, 0.59%, 0, 0, 1, 67.29
1528802339, 493, 0, 1, 0, 0, 0.59%, 0, 0, 1, 66.59
1528802344, 496, 0, 1, 0, 0, 0.59%, 0, 0, 1, 67.18
1528802349, 498, 0, 1, 0, 0, 0.59%, 0, 0, 1, 65.46
1528802354, 501, 0, 1, 0, 0, 0.59%, 0, 0, 1, 67.27
1528802359, 504, 0, 1, 0, 0, 0.59%, 0, 0, 1, 66.04
1528802364, 506, 0, 1, 0, 0, 0.59%, 0, 0, 1, 64.18
1528802370, 509, 0, 1, 0, 0, 0.59%, 0, 0, 1, 66.59
1528802375, 512, 0, 1, 0, 0, 0.59%, 0, 0, 1, 67.53
1528802380, 515, 0, 1, 0, 0, 0.59%, 0, 0, 1, 67.24
1528802385, 517, 0, 1, 0, 0, 0.59%, 0, 0, 1, 68.25
1528802390, 520, 0, 1, 0, 0, 0.59%, 0, 0, 1, 68.36
1528802395, 523, 0, 1, 0, 0, 0.59%, 0, 0, 1, 68.08
1528802401, 526, 0, 1, 0, 0, 0.59%, 0, 0, 1, 68.27
1528802406, 528, 0, 1, 0, 0, 0.59%, 0, 0, 1, 68.67
1528802411, 531, 0, 1, 0, 0, 0.59%, 0, 0, 1, 68.01
1528802416, 534, 0, 1, 0, 0, 0.59%, 0, 0, 1, 68.34
1528802421, 537, 0, 1, 0, 0, 0.59%, 0, 0, 1, 68.22
1528802426, 539, 0, 1, 0, 0, 0.59%, 0, 0, 1, 68.03
1528802431, 542, 0, 1, 0, 0, 0.59%, 0, 0, 1, 69.37
1528802437, 545, 0, 1, 0, 0, 0.59%, 0, 0, 1, 69.48
1528802442, 548, 0, 1, 0, 0, 0.59%, 0, 0, 1, 67.33
1528802447, 550, 0, 1, 0, 0, 0.59%, 0, 0, 1, 67.34
1528802452, 553, 0, 1, 0, 0, 0.59%, 0, 0, 1, 65.19
1528802457, 556, 0, 1, 0, 0, 0.59%, 0, 0, 1, 66.72
1528802463, 558, 0, 1, 0, 0, 0.59%, 0, 0, 1, 58.48
1528802468, 560, 0, 1, 0, 0, 0.59%, 0, 0, 1, 57.00
1528802473, 562, 0, 1, 0, 0, 0.59%, 0, 0, 1, 54.00
1528802478, 565, 0, 1, 0, 0, 0.59%, 0, 0, 1, 54.59
1528802483, 567, 0, 1, 0, 0, 0.59%, 0, 0, 1, 55.54
1528802488, 569, 0, 1, 0, 0, 0.59%, 0, 0, 1, 56.23
1528802493, 571, 0, 1, 0, 0, 0.59%, 0, 0, 1, 56.49
1528802498, 574, 0, 1, 0, 0, 0.59%, 0, 0, 1, 57.84
1528802504, 576, 0, 1, 0, 0, 0.59%, 0, 0, 1, 58.58
1528802509, 578, 0, 1, 0, 0, 0.59%, 0, 0, 1, 58.39
1528802514, 581, 0, 1, 0, 0, 0.59%, 0, 0, 1, 58.27
1528802519, 583, 0, 1, 0, 0, 0.59%, 0, 0, 1, 58.13
1528802524, 585, 0, 1, 0, 0, 0.59%, 0, 0, 1, 58.26
1528802529, 588, 0, 1, 0, 0, 0.59%, 0, 0, 1, 60.26
1528802534, 591, 0, 1, 0, 0, 0.59%, 0, 0, 1, 67.11
1528802540, 593, 0, 1, 0, 0, 0.59%, 0, 0, 1, 68.51
1528802545, 596, 0, 1, 0, 0, 0.59%, 0, 0, 1, 68.61
1528802550, 599, 0, 1, 0, 0, 0.59%, 0, 0, 1, 65.87
1528802555, 601, 0, 1, 0, 0, 0.59%, 0, 0, 1, 67.39
1528802560, 604, 0, 1, 0, 0, 0.59%, 0, 0, 1, 68.08
1528802565, 607, 0, 1, 0, 0, 0.59%, 0, 0, 1, 68.02
1528802570, 609, 0, 1, 0, 0, 0.59%, 0, 0, 1, 67.11
1528802575, 612, 0, 1, 0, 0, 0.59%, 0, 0, 1, 68.16
1528802580, 615, 0, 1, 0, 0, 0.59%, 0, 0, 1, 68.73
1528802586, 618, 0, 1, 0, 0, 0.59%, 0, 0, 1, 68.78
1528802591, 621, 0, 1, 0, 0, 0.59%, 0, 0, 1, 69.03
1528802596, 623, 0, 1, 0, 0, 0.59%, 0, 0, 1, 66.65
1528802601, 626, 0, 1, 0, 0, 0.59%, 0, 0, 1, 68.24
1528802606, 629, 0, 1, 0, 0, 0.59%, 0, 0, 1, 69.04
1528802611, 631, 0, 1, 0, 0, 0.59%, 0, 0, 1, 66.17
1528802616, 634, 0, 1, 0, 0, 0.59%, 0, 0, 1, 64.78
1528802621, 637, 0, 1, 0, 0, 0.59%, 0, 0, 1, 65.96
1528802627, 639, 0, 1, 0, 0, 0.59%, 0, 0, 1, 66.14
1528802632, 642, 0, 1, 0, 0, 0.59%, 0, 0, 1, 67.92
1528802637, 645, 0, 1, 0, 0, 0.59%, 0, 0, 1, 68.46
1528802642, 647, 0, 1, 0, 0, 0.59%, 0, 0, 1, 68.28
1528802647, 650, 0, 1, 0, 0, 0.59%, 0, 0, 1, 68.10
1528802652, 653, 0, 1, 0, 0, 0.59%, 0, 0, 1, 68.59
1528802657, 656, 0, 1, 0, 0, 0.59%, 0, 0, 1, 69.14
1528802663, 659, 0, 1, 0, 0, 0.59%, 0, 0, 1, 69.43
1528802668, 661, 0, 1, 0, 0, 0.59%, 0, 0, 1, 69.35
1528802673, 664, 0, 1, 0, 0, 0.59%, 0, 0, 1, 68.90
1528802678, 667, 0, 1, 0, 0, 0.59%, 0, 0, 1, 68.46
1528802683, 670, 0, 1, 0, 0, 0.59%, 0, 0, 1, 69.09
1528802688, 672, 0, 1, 0, 0, 0.59%, 0, 0, 1, 69.16
1528802694, 675, 0, 1, 0, 0, 0.59%, 0, 0, 1, 68.99
1528802699, 678, 0, 1, 0, 0, 0.59%, 0, 0, 1, 69.30
1528802704, 681, 0, 1, 0, 0, 0.59%, 0, 0, 1, 67.03
1528802709, 683, 0, 1, 0, 0, 0.59%, 0, 0, 1, 68.23
1528802714, 686, 0, 1, 0, 0, 0.59%, 0, 0, 1, 68.84
1528802719, 689, 0, 1, 0, 0, 0.59%, 0, 0, 1, 68.97
1528802724, 692, 0, 1, 0, 0, 0.59%, 0, 0, 1, 68.77
1528802730, 694, 0, 1, 0, 0, 0.59%, 0, 0, 1, 69.00
1528802735, 697, 0, 1, 0, 0, 0.59%, 0, 0, 1, 69.21
1528802740, 700, 0, 1, 0, 0, 0.59%, 0, 0, 1, 69.27
1528802745, 703, 0, 1, 0, 0, 0.59%, 0, 0, 1, 69.71
1528802750, 706, 0, 1, 0, 0, 0.59%, 0, 0, 1, 69.19
1528802755, 708, 0, 1, 0, 0, 0.59%, 0, 0, 1, 68.99
1528802760, 711, 0, 1, 0, 0, 0.59%, 0, 0, 1, 68.88
1528802766, 714, 0, 1, 0, 0, 0.59%, 0, 0, 1, 69.22
1528802771, 717, 0, 1, 0, 0, 0.59%, 0, 0, 1, 68.76
1528802776, 720, 0, 1, 0, 0, 0.59%, 0, 0, 1, 68.43
1528802781, 722, 0, 1, 0, 0, 0.59%, 0, 0, 1, 68.16
1528802786, 725, 0, 1, 0, 0, 0.59%, 0, 0, 1, 66.18
1528802792, 728, 0, 1, 0, 0, 0.59%, 0, 0, 1, 68.26
1528802797, 731, 0, 1, 0, 0, 0.59%, 0, 0, 1, 68.41
1528802802, 733, 0, 1, 0, 0, 0.59%, 0, 0, 1, 68.42
1528802807, 736, 0, 1, 0, 0, 0.59%, 0, 0, 1, 68.98
1528802812, 739, 0, 1, 0, 0, 0.59%, 0, 0, 1, 68.09
1528802817, 742, 0, 1, 0, 0, 0.59%, 0, 0, 1, 68.39
1528802823, 744, 0, 1, 0, 0, 0.59%, 0, 0, 1, 68.46
1528802828, 747, 0, 1, 0, 0, 0.59%, 0, 0, 1, 68.44
1528802833, 750, 0, 1, 0, 0, 0.59%, 0, 0, 1, 68.61
1528802838, 753, 0, 1, 0, 0, 0.59%, 0, 0, 1, 68.12
1528802843, 755, 0, 1, 0, 0, 0.59%, 0, 0, 1, 67.98
1528802848, 758, 0, 1, 0, 0, 0.59%, 0, 0, 1, 66.61
1528802854, 761, 0, 1, 0, 0, 0.59%, 0, 0, 1, 66.72
1528802859, 763, 0, 1, 0, 0, 0.59%, 0, 0, 1, 67.01
1528802864, 766, 0, 1, 0, 0, 0.59%, 0, 0, 1, 68.86
1528802869, 769, 0, 1, 0, 0, 0.59%, 0, 0, 1, 67.61
1528802874, 772, 0, 1, 0, 0, 0.59%, 0, 0, 1, 68.66
1528802880, 775, 0, 1, 0, 0, 0.59%, 0, 0, 1, 68.16
1528802885, 777, 0, 1, 0, 0, 0.59%, 0, 0, 1, 68.11
1528802890, 780, 0, 1, 0, 0, 0.59%, 0, 0, 1, 66.59
1528802895, 783, 0, 1, 0, 0, 0.59%, 0, 0, 1, 66.15
1528802900, 785, 0, 1, 0, 0, 0.59%, 0, 0, 1, 65.19
1528802905, 788, 0, 1, 0, 0, 0.59%, 0, 0, 1, 65.64
1528802910, 791, 0, 1, 0, 0, 0.59%, 0, 0, 1, 68.15
1528802915, 793, 0, 1, 0, 0, 0.59%, 0, 0, 1, 65.85
1528802920, 796, 0, 1, 0, 0, 0.59%, 0, 0, 1, 67.75
1528802926, 799, 0, 1, 0, 0, 0.59%, 0, 0, 1, 65.85
1528802931, 801, 0, 1, 0, 0, 0.59%, 0, 0, 1, 62.96
1528802936, 803, 0, 1, 0, 0, 0.59%, 0, 0, 1, 61.53
1528802941, 806, 0, 1, 0, 0, 0.59%, 0, 0, 1, 63.36
1528802946, 809, 0, 1, 0, 0, 0.59%, 0, 0, 1, 62.93
1528802951, 811, 0, 1, 0, 0, 0.59%, 0, 0, 1, 64.39
1528802956, 814, 0, 1, 0, 0, 0.59%, 0, 0, 1, 67.75
1528802961, 817, 0, 1, 0, 0, 0.59%, 0, 0, 1, 68.57
1528802967, 819, 0, 1, 0, 0, 0.59%, 0, 0, 1, 71.38
1528802972, 822, 0, 1, 0, 0, 0.59%, 0, 0, 1, 70.22
1528802977, 825, 0, 1, 0, 0, 0.59%, 0, 0, 1, 67.09
1528802982, 828, 0, 1, 0, 0, 0.59%, 0, 0, 1, 67.99
1528802987, 831, 0, 1, 0, 0, 0.59%, 0, 0, 1, 68.45
1528802992, 833, 0, 1, 0, 0, 0.59%, 0, 0, 1, 69.85
1528802997, 836, 0, 1, 0, 0, 0.59%, 0, 0, 1, 70.28
1528803002, 839, 0, 1, 0, 0, 0.59%, 0, 0, 1, 69.74
1528803008, 842, 0, 1, 0, 0, 0.59%, 0, 0, 1, 68.33
1528803013, 844, 0, 1, 0, 0, 0.59%, 0, 0, 1, 69.49
1528803018, 847, 0, 1, 0, 0, 0.59%, 0, 0, 1, 71.17
1528803023, 850, 0, 1, 0, 0, 0.59%, 0, 0, 1, 70.41
1528803028, 853, 0, 1, 0, 0, 0.59%, 0, 0, 1, 70.63
1528803033, 856, 0, 1, 0, 0, 0.59%, 0, 0, 1, 70.63
1528803038, 859, 0, 1, 0, 0, 0.59%, 0, 0, 1, 69.94
1528803044, 861, 0, 1, 0, 0, 0.59%, 0, 0, 1, 70.48
1528803049, 864, 0, 1, 0, 0, 0.59%, 0, 0, 1, 70.03
1528803054, 867, 0, 1, 0, 0, 0.59%, 0, 0, 1, 69.60
1528803059, 870, 0, 1, 0, 0, 0.59%, 0, 0, 1, 71.00
1528803064, 873, 0, 1, 0, 0, 0.59%, 0, 0, 1, 70.97
1528803069, 876, 0, 1, 0, 0, 0.59%, 0, 0, 1, 71.40
1528803074, 878, 0, 1, 0, 0, 0.59%, 0, 0, 1, 71.37
1528803079, 881, 0, 1, 0, 0, 0.59%, 0, 0, 1, 71.48
1528803085, 884, 0, 1, 0, 0, 0.59%, 0, 0, 1, 71.72
1528803090, 887, 0, 1, 0, 0, 0.59%, 0, 0, 1, 72.02
1528803095, 890, 0, 1, 0, 0, 0.59%, 0, 0, 1, 71.91
1528803100, 893, 0, 1, 0, 0, 0.59%, 0, 0, 1, 72.24
1528803105, 896, 0, 1, 0, 0, 0.59%, 0, 0, 1, 72.18
1528803110, 899, 0, 1, 0, 0, 0.59%, 0, 0, 1, 71.89
1528803115, 901, 0, 1, 0, 0, 0.59%, 0, 0, 1, 72.23
1528803121, 904, 0, 1, 0, 0, 0.59%, 0, 0, 1, 71.89
1528803126, 907, 0, 1, 0, 0, 0.59%, 0, 0, 1, 71.80
1528803131, 910, 0, 1, 0, 0, 0.59%, 0, 0, 1, 71.88
1528803136, 913, 0, 1, 0, 0, 0.59%, 0, 0, 1, 72.35
1528803141, 916, 0, 1, 0, 0, 0.59%, 0, 0, 1, 71.54
1528803146, 919, 0, 1, 0, 0, 0.59%, 0, 0, 1, 71.68
1528803151, 922, 0, 1, 0, 0, 0.59%, 0, 0, 1, 71.73
1528803157, 925, 0, 1, 0, 0, 0.59%, 0, 0, 1, 72.21
1528803162, 928, 0, 1, 0, 0, 0.59%, 0, 0, 1, 71.68
1528803167, 930, 0, 1, 0, 0, 0.59%, 0, 0, 1, 71.39
1528803172, 933, 0, 1, 0, 0, 0.59%, 0, 0, 1, 71.44
1528803177, 936, 0, 1, 0, 0, 0.59%, 0, 0, 1, 71.52
1528803182, 939, 0, 1, 0, 0, 0.59%, 0, 0, 1, 71.09
1528803187, 942, 0, 1, 0, 0, 0.59%, 0, 0, 1, 71.34
1528803193, 945, 0, 1, 0, 0, 0.59%, 0, 0, 1, 71.70
1528803198, 948, 0, 1, 0, 0, 0.59%, 0, 0, 1, 72.53
1528803203, 951, 0, 1, 0, 0, 0.59%, 0, 0, 1, 71.68
1528803208, 953, 0, 1, 0, 0, 0.59%, 0, 0, 1, 72.25
1528803213, 956, 0, 1, 0, 0, 0.59%, 0, 0, 1, 72.28
1528803219, 959, 0, 1, 0, 0, 0.59%, 0, 0, 1, 72.45
1528803224, 962, 0, 1, 0, 0, 0.59%, 0, 0, 1, 72.34
1528803229, 965, 0, 1, 0, 0, 0.59%, 0, 0, 1, 72.73
1528803234, 968, 0, 1, 0, 0, 0.59%, 0, 0, 1, 72.71
1528803239, 971, 0, 1, 0, 0, 0.59%, 0, 0, 1, 70.75
1528803244, 974, 0, 1, 0, 0, 0.59%, 0, 0, 1, 71.08
1528803249, 977, 0, 1, 0, 0, 0.59%, 0, 0, 1, 70.92
1528803255, 980, 0, 1, 0, 0, 0.59%, 0, 0, 1, 71.04
1528803260, 982, 0, 1, 0, 0, 0.59%, 0, 0, 1, 70.52
1528803265, 985, 0, 1, 0, 0, 0.59%, 0, 0, 1, 71.18
1528803270, 988, 0, 1, 0, 0, 0.59%, 0, 0, 1, 71.62
1528803275, 991, 0, 1, 0, 0, 0.59%, 0, 0, 1, 71.72
1528803281, 994, 0, 1, 0, 0, 0.59%, 0, 0, 1, 71.68
1528803286, 997, 0, 1, 0, 0, 0.59%, 0, 0, 1, 71.95
1528803291, 1000, 0, 1, 0, 0, 0.59%, 0, 0, 1, 71.78
1528803296, 1003, 0, 1, 0, 0, 0.59%, 0, 0, 1, 71.63
1528803301, 1006, 0, 1, 0, 0, 0.59%, 0, 0, 1, 71.70
1528803306, 1009, 0, 1, 0, 0, 0.59%, 0, 0, 1, 72.30
1528803312, 1011, 0, 1, 0, 0, 0.59%, 0, 0, 1, 72.25
1528803317, 1014, 0, 1, 0, 0, 0.59%, 0, 0, 1, 72.40
1528803322, 1017, 0, 1, 0, 0, 0.59%, 0, 0, 1, 71.51
1528803327, 1020, 0, 1, 0, 0, 0.59%, 0, 0, 1, 71.38
1528803332, 1023, 0, 1, 0, 0, 0.59%, 0, 0, 1, 71.29
1528803337, 1026, 0, 1, 0, 0, 0.59%, 0, 0, 1, 71.51
1528803342, 1029, 0, 1, 0, 0, 0.59%, 0, 0, 1, 71.77
1528803348, 1032, 0, 1, 0, 0, 0.59%, 0, 0, 1, 71.33
1528803353, 1035, 0, 1, 0, 0, 0.59%, 0, 0, 1, 72.07
1528803358, 1037, 0, 1, 0, 0, 0.59%, 0, 0, 1, 72.18
1528803363, 1040, 0, 1, 0, 0, 0.59%, 0, 0, 1, 71.27
1528803368, 1043, 0, 1, 0, 0, 0.59%, 0, 0, 1, 70.92
1528803373, 1046, 0, 1, 0, 0, 0.59%, 0, 0, 1, 71.52
1528803379, 1049, 0, 1, 0, 0, 0.59%, 0, 0, 1, 71.40
1528803384, 1052, 0, 1, 0, 0, 0.59%, 0, 0, 1, 71.14
1528803389, 1055, 0, 1, 0, 0, 0.59%, 0, 0, 1, 71.30
1528803394, 1058, 0, 1, 0, 0, 0.59%, 0, 0, 1, 71.53
1528803399, 1060, 0, 1, 0, 0, 0.59%, 0, 0, 1, 72.16
1528803404, 1063, 0, 1, 0, 0, 0.59%, 0, 0, 1, 72.75
1528803410, 1066, 0, 1, 0, 0, 0.59%, 0, 0, 1, 72.45
1528803415, 1069, 0, 1, 0, 0, 0.59%, 0, 0, 1, 72.35
1528803420, 1072, 0, 1, 0, 0, 0.59%, 0, 0, 1, 71.65
1528803425, 1075, 0, 1, 0, 0, 0.59%, 0, 0, 1, 71.53
1528803430, 1078, 0, 1, 0, 0, 0.59%, 0, 0, 1, 71.74
1528803435, 1081, 0, 1, 0, 0, 0.59%, 0, 0, 1, 69.96
1528803441, 1084, 0, 1, 0, 0, 0.59%, 0, 0, 1, 70.90
1528803446, 1087, 0, 1, 0, 0, 0.59%, 0, 0, 1, 71.22
1528803451, 1089, 0, 1, 0, 0, 0.59%, 0, 0, 1, 71.61
1528803456, 1092, 0, 1, 0, 0, 0.59%, 0, 0, 1, 71.67
1528803461, 1095, 0, 1, 0, 0, 0.59%, 0, 0, 1, 71.71
1528803466, 1098, 0, 1, 0, 0, 0.59%, 0, 0, 1, 71.56
1528803471, 1101, 0, 1, 0, 0, 0.59%, 0, 0, 1, 71.52
1528803476, 1104, 0, 1, 0, 0, 0.59%, 0, 0, 1, 71.62
1528803481, 1106, 0, 1, 0, 0, 0.59%, 0, 0, 1, 69.64
1528803487, 1109, 0, 1, 0, 0, 0.59%, 0, 0, 1, 69.54
1528803492, 1112, 0, 1, 0, 0, 0.59%, 0, 0, 1, 68.85
1528803497, 1115, 0, 1, 0, 0, 0.59%, 0, 0, 1, 71.58
1528803502, 1118, 0, 1, 0, 0, 0.59%, 0, 0, 1, 71.34
1528803507, 1121, 0, 1, 0, 0, 0.59%, 0, 0, 1, 71.59
1528803513, 1124, 0, 1, 0, 0, 0.59%, 0, 0, 1, 71.69
1528803518, 1126, 0, 1, 0, 0, 0.59%, 0, 0, 1, 71.73
1528803523, 1129, 0, 1, 0, 0, 0.59%, 0, 0, 1, 71.59
1528803528, 1132, 0, 1, 0, 0, 0.59%, 0, 0, 1, 71.38
1528803533, 1135, 0, 1, 0, 0, 0.59%, 0, 0, 1, 71.64
1528803538, 1138, 0, 1, 0, 0, 0.59%, 0, 0, 1, 71.03
1528803543, 1141, 0, 1, 0, 0, 0.59%, 0, 0, 1, 71.06
1528803549, 1144, 0, 1, 0, 0, 0.59%, 0, 0, 1, 71.16
1528803554, 1147, 0, 1, 0, 0, 0.59%, 0, 0, 1, 71.00
1528803559, 1149, 0, 1, 0, 0, 0.59%, 0, 0, 1, 71.84
1528803564, 1152, 0, 1, 0, 0, 0.59%, 0, 0, 1, 69.35
1528803569, 1155, 0, 1, 0, 0, 0.59%, 0, 0, 1, 71.04
1528803575, 1158, 0, 1, 0, 0, 0.59%, 0, 0, 1, 71.57
1528803580, 1161, 0, 1, 0, 0, 0.59%, 0, 0, 1, 70.12
1528803585, 1164, 0, 1, 0, 0, 0.59%, 0, 0, 1, 67.70
1528803590, 1166, 0, 1, 0, 0, 0.59%, 0, 0, 1, 67.91
1528803595, 1169, 0, 1, 0, 0, 0.59%, 0, 0, 1, 62.64
1528803600, 1172, 0, 1, 0, 0, 0.59%, 0, 0, 1, 64.43
1528803605, 1174, 0, 1, 0, 0, 0.59%, 0, 0, 1, 56.85
1528803610, 1176, 0, 1, 0, 0, 0.59%, 0, 0, 1, 56.58
1528803616, 1178, 0, 1, 0, 0, 0.59%, 0, 0, 1, 56.16
1528803621, 1181, 0, 1, 0, 0, 0.59%, 0, 0, 1, 58.22
1528803626, 1183, 0, 1, 0, 0, 0.59%, 0, 0, 1, 57.91
1528803631, 1185, 0, 1, 0, 0, 0.59%, 0, 0, 1, 59.22
1528803636, 1188, 0, 1, 0, 0, 0.59%, 0, 0, 1, 59.67
1528803642, 1190, 0, 1, 0, 0, 0.59%, 0, 0, 1, 60.24
1528803647, 1193, 0, 1, 0, 0, 0.59%, 0, 0, 1, 60.06
1528803652, 1195, 0, 1, 0, 0, 0.59%, 0, 0, 1, 58.67
1528803657, 1197, 0, 1, 0, 0, 0.59%, 0, 0, 1, 59.16
1528803662, 1200, 0, 1, 0, 0, 0.59%, 0, 0, 1, 59.09
1528803667, 1202, 0, 1, 0, 0, 0.59%, 0, 0, 1, 59.72
1528803673, 1205, 0, 1, 0, 0, 0.59%, 0, 0, 1, 60.08
1528803678, 1207, 0, 1, 0, 0, 0.59%, 0, 0, 1, 59.48
1528803683, 1209, 0, 1, 0, 0, 0.59%, 0, 0, 1, 56.79
1528803688, 1212, 0, 1, 0, 0, 0.59%, 0, 0, 1, 59.11
1528803693, 1214, 0, 1, 0, 0, 0.59%, 0, 0, 1, 59.05
1528803698, 1216, 0, 1, 0, 0, 0.59%, 0, 0, 1, 59.05
1528803704, 1219, 0, 1, 0, 0, 0.59%, 0, 0, 1, 58.23
1528803709, 1221, 0, 1, 0, 0, 0.59%, 0, 0, 1, 58.30
1528803714, 1223, 0, 1, 0, 0, 0.59%, 0, 0, 1, 58.64
1528803719, 1226, 0, 1, 0, 0, 0.59%, 0, 0, 1, 58.36
1528803724, 1228, 0, 1, 0, 0, 0.59%, 0, 0, 1, 60.09
1528803729, 1231, 0, 1, 0, 0, 0.59%, 0, 0, 1, 59.83
1528803734, 1233, 0, 1, 0, 0, 0.59%, 0, 0, 1, 59.91
1528803740, 1236, 0, 1, 0, 0, 0.59%, 0, 0, 1, 60.07
1528803745, 1238, 0, 1, 0, 0, 0.59%, 0, 0, 1, 58.28
1528803750, 1240, 0, 1, 0, 0, 0.59%, 0, 0, 1, 59.08
1528803755, 1243, 0, 1, 0, 0, 0.59%, 0, 0, 1, 59.24
1528803760, 1245, 0, 1, 0, 0, 0.59%, 0, 0, 1, 59.22
1528803766, 1247, 0, 1, 0, 0, 0.59%, 0, 0, 1, 59.08
1528803771, 1250, 0, 1, 0, 0, 0.59%, 0, 0, 1, 59.28
1528803776, 1252, 0, 1, 0, 0, 0.59%, 0, 0, 1, 58.52
1528803781, 1255, 0, 1, 0, 0, 0.59%, 0, 0, 1, 58.35
1528803786, 1257, 0, 1, 0, 0, 0.59%, 0, 0, 1, 58.28
1528803791, 1259, 0, 1, 0, 0, 0.59%, 0, 0, 1, 57.79
1528803796, 1261, 0, 1, 0, 0, 0.59%, 0, 0, 1, 56.96
1528803801, 1264, 0, 1, 0, 0, 0.59%, 0, 0, 1, 59.46
1528803806, 1266, 0, 1, 0, 0, 0.59%, 0, 0, 1, 62.08
1528803811, 1269, 0, 1, 0, 0, 0.59%, 0, 0, 1, 62.30
1528803816, 1271, 0, 1, 0, 0, 0.59%, 0, 0, 1, 64.94
1528803822, 1274, 0, 1, 0, 0, 0.59%, 0, 0, 1, 64.42
1528803827, 1276, 0, 1, 0, 0, 0.59%, 0, 0, 1, 64.84
1528803832, 1279, 0, 1, 0, 0, 0.59%, 0, 0, 1, 66.02
1528803837, 1282, 0, 1, 0, 0, 0.59%, 0, 0, 1, 66.16
1528803842, 1285, 0, 1, 0, 0, 0.59%, 0, 0, 1, 67.58
1528803847, 1287, 0, 1, 0, 0, 0.59%, 0, 0, 1, 70.94
1528803853, 1290, 0, 1, 0, 0, 0.59%, 0, 0, 1, 65.76
1528803858, 1293, 0, 1, 0, 0, 0.59%, 0, 0, 1, 70.29
1528803863, 1296, 0, 1, 0, 0, 0.59%, 0, 0, 1, 69.73
1528803868, 1298, 0, 1, 0, 0, 0.59%, 0, 0, 1, 70.36
1528803873, 1301, 0, 1, 0, 0, 0.59%, 0, 0, 1, 71.29
1528803878, 1304, 0, 1, 0, 0, 0.59%, 0, 0, 1, 69.88
1528803884, 1307, 0, 1, 0, 0, 0.59%, 0, 0, 1, 70.18
1528803889, 1310, 0, 1, 0, 0, 0.59%, 0, 0, 1, 71.76
1528803894, 1313, 0, 1, 0, 0, 0.59%, 0, 0, 1, 71.71
1528803899, 1316, 0, 1, 0, 0, 0.59%, 0, 0, 1, 71.58
1528803904, 1319, 0, 1, 0, 0, 0.59%, 0, 0, 1, 72.05
1528803909, 1321, 0, 1, 0, 0, 0.59%, 0, 0, 1, 69.88
1528803914, 1324, 0, 1, 0, 0, 0.59%, 0, 0, 1, 71.07
1528803920, 1327, 0, 1, 0, 0, 0.59%, 0, 0, 1, 70.65
1528803925, 1330, 0, 1, 0, 0, 0.59%, 0, 0, 1, 70.36
1528803930, 1333, 0, 1, 0, 0, 0.59%, 0, 0, 1, 70.90
1528803935, 1336, 0, 1, 0, 0, 0.59%, 0, 0, 1, 71.93
1528803940, 1338, 0, 1, 0, 0, 0.59%, 0, 0, 1, 70.39
1528803945, 1341, 0, 1, 0, 0, 0.59%, 0, 0, 1, 69.27
1528803950, 1344, 0, 1, 0, 0, 0.59%, 0, 0, 1, 69.45
1528803956, 1347, 0, 1, 0, 0, 0.59%, 0, 0, 1, 70.07
1528803961, 1350, 0, 1, 0, 0, 0.59%, 0, 0, 1, 69.85
1528803966, 1353, 0, 1, 0, 0, 0.59%, 0, 0, 1, 69.79
1528803971, 1355, 0, 1, 0, 0, 0.59%, 0, 0, 1, 68.83
1528803976, 1358, 0, 1, 0, 0, 0.59%, 0, 0, 1, 69.29
1528803981, 1361, 0, 1, 0, 0, 0.59%, 0, 0, 1, 71.37
1528803987, 1364, 0, 1, 0, 0, 0.59%, 0, 0, 1, 73.77
1528803992, 1367, 0, 1, 0, 0, 0.59%, 0, 0, 1, 74.03
1528803997, 1370, 0, 1, 0, 0, 0.59%, 0, 0, 1, 74.80
1528804002, 1373, 0, 1, 0, 0, 0.59%, 0, 0, 1, 75.17
1528804007, 1376, 0, 1, 0, 0, 0.59%, 0, 0, 1, 75.46
1528804012, 1379, 0, 1, 0, 0, 0.59%, 0, 0, 1, 73.08
1528804018, 1382, 0, 1, 0, 0, 0.59%, 0, 0, 1, 74.38
1528804023, 1385, 0, 1, 0, 0, 0.59%, 0, 0, 1, 74.98
1528804028, 1388, 0, 1, 0, 0, 0.59%, 0, 0, 1, 73.72
1528804033, 1391, 0, 1, 0, 0, 0.59%, 0, 0, 1, 75.04
1528804038, 1394, 0, 1, 0, 0, 0.59%, 0, 0, 1, 75.29
1528804043, 1397, 0, 1, 0, 0, 0.59%, 0, 0, 1, 75.31
1528804049, 1400, 0, 1, 0, 0, 0.59%, 0, 0, 1, 72.37
1528804054, 1403, 0, 1, 0, 0, 0.59%, 0, 0, 1, 71.70
1528804059, 1406, 0, 1, 0, 0, 0.59%, 0, 0, 1, 72.05
1528804064, 1409, 0, 1, 0, 0, 0.59%, 0, 0, 1, 70.66
1528804069, 1411, 0, 1, 0, 0, 0.59%, 0, 0, 1, 70.15
1528804074, 1414, 0, 1, 0, 0, 0.59%, 0, 0, 1, 71.97
1528804079, 1417, 0, 1, 0, 0, 0.59%, 0, 0, 1, 72.14
1528804085, 1420, 0, 1, 0, 0, 0.59%, 0, 0, 1, 72.22
1528804090, 1423, 0, 1, 0, 0, 0.59%, 0, 0, 1, 71.05
1528804095, 1426, 0, 1, 0, 0, 0.59%, 0, 0, 1, 71.72
1528804100, 1429, 0, 1, 0, 0, 0.59%, 0, 0, 1, 68.03
1528804105, 1432, 0, 1, 0, 0, 0.59%, 0, 0, 1, 70.94
1528804110, 1435, 0, 1, 0, 0, 0.59%, 0, 0, 1, 72.62
1528804116, 1437, 0, 1, 0, 0, 0.59%, 0, 0, 1, 72.89
1528804121, 1441, 0, 1, 0, 0, 0.59%, 0, 0, 1, 74.25
1528804126, 1443, 0, 1, 0, 0, 0.59%, 0, 0, 1, 72.66
1528804131, 1446, 0, 1, 0, 0, 0.59%, 0, 0, 1, 72.28
1528804136, 1449, 0, 1, 0, 0, 0.59%, 0, 0, 1, 72.36
1528804142, 1452, 0, 1, 0, 0, 0.59%, 0, 0, 1, 71.99
1528804147, 1455, 0, 1, 0, 0, 0.59%, 0, 0, 1, 66.61
1528804152, 1457, 0, 1, 0, 0, 0.59%, 0, 0, 1, 64.77
1528804157, 1460, 0, 1, 0, 0, 0.59%, 0, 0, 1, 71.00
1528804162, 1463, 0, 1, 0, 0, 0.59%, 0, 0, 1, 70.57
1528804167, 1466, 0, 1, 0, 0, 0.59%, 0, 0, 1, 71.81
1528804173, 1469, 0, 1, 0, 0, 0.59%, 0, 0, 1, 70.82
1528804178, 1472, 0, 1, 0, 0, 0.59%, 0, 0, 1, 71.00
1528804183, 1475, 0, 1, 0, 0, 0.59%, 0, 0, 1, 71.38
1528804188, 1477, 0, 1, 0, 0, 0.59%, 0, 0, 1, 69.72
1528804193, 1480, 0, 1, 0, 0, 0.59%, 0, 0, 1, 71.57
1528804198, 1483, 0, 1, 0, 0, 0.59%, 0, 0, 1, 68.64
1528804203, 1486, 0, 1, 0, 0, 0.59%, 0, 0, 1, 72.69
1528804209, 1489, 0, 1, 0, 0, 0.59%, 0, 0, 1, 69.17
1528804214, 1492, 0, 1, 0, 0, 0.59%, 0, 0, 1, 70.77
1528804219, 1495, 0, 1, 0, 0, 0.59%, 0, 0, 1, 71.89
1528804224, 1497, 0, 1, 0, 0, 0.59%, 0, 0, 1, 70.17
1528804229, 1500, 0, 1, 0, 0, 0.59%, 0, 0, 1, 71.57
1528804234, 1503, 0, 1, 0, 0, 0.59%, 0, 0, 1, 72.34
1528804240, 1506, 0, 1, 0, 0, 0.59%, 0, 0, 1, 72.09
1528804245, 1509, 0, 1, 0, 0, 0.59%, 0, 0, 1, 71.17
1528804250, 1512, 0, 1, 0, 0, 0.59%, 0, 0, 1, 68.59
1528804255, 1515, 0, 1, 0, 0, 0.59%, 0, 0, 1, 69.30
1528804260, 1517, 0, 1, 0, 0, 0.59%, 0, 0, 1, 68.45
1528804265, 1520, 0, 1, 0, 0, 0.59%, 0, 0, 1, 72.94
1528804270, 1523, 0, 1, 0, 0, 0.59%, 0, 0, 1, 71.88
1528804276, 1526, 0, 1, 0, 0, 0.59%, 0, 0, 1, 71.41
1528804281, 1529, 0, 1, 0, 0, 0.59%, 0, 0, 1, 71.63
1528804286, 1532, 0, 1, 0, 0, 0.59%, 0, 0, 1, 71.02
1528804291, 1535, 0, 1, 0, 0, 0.59%, 0, 0, 1, 71.34
1528804296, 1538, 0, 1, 0, 0, 0.59%, 0, 0, 1, 71.87
1528804302, 1541, 0, 1, 0, 0, 0.59%, 0, 0, 1, 71.57
1528804307, 1543, 0, 1, 0, 0, 0.59%, 0, 0, 1, 71.74
1528804312, 1546, 0, 1, 0, 0, 0.59%, 0, 0, 1, 69.88
1528804317, 1549, 0, 1, 0, 0, 0.59%, 0, 0, 1, 69.91
1528804322, 1552, 0, 1, 0, 0, 0.59%, 0, 0, 1, 68.81
1528804327, 1555, 0, 1, 0, 0, 0.59%, 0, 0, 1, 70.67
1528804333, 1558, 0, 1, 0, 0, 0.59%, 0, 0, 1, 71.47
1528804338, 1560, 0, 1, 0, 0, 0.59%, 0, 0, 1, 71.47
1528804343, 1563, 0, 1, 0, 0, 0.59%, 0, 0, 1, 71.60
1528804348, 1566, 0, 1, 0, 0, 0.59%, 0, 0, 1, 72.57
1528804353, 1569, 0, 1, 0, 0, 0.59%, 0, 0, 1, 73.05
1528804358, 1572, 0, 1, 0, 0, 0.59%, 0, 0, 1, 73.77
1528804364, 1575, 0, 1, 0, 0, 0.59%, 0, 0, 1, 74.70
1528804369, 1578, 0, 1, 0, 0, 0.59%, 0, 0, 1, 72.23
1528804374, 1581, 0, 1, 0, 0, 0.59%, 0, 0, 1, 73.19
1528804379, 1584, 0, 1, 0, 0, 0.59%, 0, 0, 1, 74.30
1528804384, 1587, 0, 1, 0, 0, 0.59%, 0, 0, 1, 74.47
1528804389, 1590, 0, 1, 0, 0, 0.59%, 0, 0, 1, 69.78
1528804394, 1593, 0, 1, 0, 0, 0.59%, 0, 0, 1, 71.23
1528804400, 1596, 0, 1, 0, 0, 0.59%, 0, 0, 1, 71.60
1528804405, 1598, 0, 1, 0, 0, 0.59%, 0, 0, 1, 70.93
1528804410, 1601, 0, 1, 0, 0, 0.59%, 0, 0, 1, 72.04
1528804415, 1604, 0, 1, 0, 0, 0.59%, 0, 0, 1, 71.90
1528804420, 1607, 0, 1, 0, 0, 0.59%, 0, 0, 1, 72.07
1528804426, 1610, 0, 1, 0, 0, 0.59%, 0, 0, 1, 73.79
1528804431, 1613, 0, 1, 0, 0, 0.59%, 0, 0, 1, 70.31
1528804436, 1616, 0, 1, 0, 0, 0.59%, 0, 0, 1, 72.40
1528804441, 1619, 0, 1, 0, 0, 0.59%, 0, 0, 1, 73.98
1528804446, 1622, 0, 1, 0, 0, 0.59%, 0, 0, 1, 74.31
1528804451, 1625, 0, 1, 0, 0, 0.59%, 0, 0, 1, 71.43
1528804457, 1628, 0, 1, 0, 0, 0.59%, 0, 0, 1, 74.51
1528804462, 1631, 0, 1, 0, 0, 0.59%, 0, 0, 1, 69.63
1528804467, 1633, 0, 1, 0, 0, 0.59%, 0, 0, 1, 70.30
1528804472, 1636, 0, 1, 0, 0, 0.59%, 0, 0, 1, 71.00
1528804477, 1639, 0, 1, 0, 0, 0.59%, 0, 0, 1, 71.45
1528804482, 1642, 0, 1, 0, 0, 0.59%, 0, 0, 1, 71.86
1528804488, 1645, 0, 1, 0, 0, 0.59%, 0, 0, 1, 72.16
1528804493, 1648, 0, 1, 0, 0, 0.59%, 0, 0, 1, 71.88
1528804498, 1651, 0, 1, 0, 0, 0.59%, 0, 0, 1, 71.79
1528804503, 1654, 0, 1, 0, 0, 0.59%, 0, 0, 1, 69.42
1528804508, 1656, 0, 1, 0, 0, 0.59%, 0, 0, 1, 69.74
1528804513, 1659, 0, 1, 0, 0, 0.59%, 0, 0, 1, 72.98
1528804519, 1663, 0, 1, 0, 0, 0.59%, 0, 0, 1, 74.90
1528804524, 1666, 0, 1, 0, 0, 0.59%, 0, 0, 1, 74.79
1528804529, 1669, 0, 1, 0, 0, 0.59%, 0, 0, 1, 75.04
1528804534, 1672, 0, 1, 0, 0, 0.59%, 0, 0, 1, 74.67
1528804539, 1675, 0, 1, 0, 0, 0.59%, 0, 0, 1, 75.05
1528804544, 1678, 0, 1, 0, 0, 0.59%, 0, 0, 1, 73.98
1528804550, 1681, 0, 1, 0, 0, 0.59%, 0, 0, 1, 75.00
1528804555, 1684, 0, 1, 0, 0, 0.59%, 0, 0, 1, 74.26
1528804560, 1687, 0, 1, 0, 0, 0.59%, 0, 0, 1, 74.52
1528804565, 1690, 0, 1, 0, 0, 0.59%, 0, 0, 1, 74.87
1528804570, 1692, 0, 1, 0, 0, 0.59%, 0, 0, 1, 69.97
1528804575, 1695, 0, 1, 0, 0, 0.59%, 0, 0, 1, 72.50
1528804581, 1698, 0, 1, 0, 0, 0.59%, 0, 0, 1, 72.89
1528804586, 1701, 0, 1, 0, 0, 0.59%, 0, 0, 1, 72.84
1528804591, 1704, 0, 1, 0, 0, 0.59%, 0, 0, 1, 74.49
1528804596, 1707, 0, 1, 0, 0, 0.59%, 0, 0, 1, 74.96
1528804601, 1710, 0, 1, 0, 0, 0.59%, 0, 0, 1, 72.53
1528804606, 1713, 0, 1, 0, 0, 0.59%, 0, 0, 1, 72.25
1528804612, 1716, 0, 1, 0, 0, 0.59%, 0, 0, 1, 72.16
1528804617, 1719, 0, 1, 0, 0, 0.59%, 0, 0, 1, 69.97
1528804622, 1722, 0, 1, 0, 0, 0.59%, 0, 0, 1, 70.36
1528804627, 1724, 0, 1, 0, 0, 0.59%, 0, 0, 1, 69.78
1528804632, 1727, 0, 1, 0, 0, 0.59%, 0, 0, 1, 70.91
1528804637, 1730, 0, 1, 0, 0, 0.59%, 0, 0, 1, 74.15
1528804642, 1733, 0, 1, 0, 0, 0.59%, 0, 0, 1, 73.93
1528804647, 1736, 0, 1, 0, 0, 0.59%, 0, 0, 1, 69.35
1528804653, 1739, 0, 1, 0, 0, 0.59%, 0, 0, 1, 71.43
1528804658, 1742, 0, 1, 0, 0, 0.59%, 0, 0, 1, 71.29
1528804663, 1745, 0, 1, 0, 0, 0.59%, 0, 0, 1, 71.72
1528804668, 1747, 0, 1, 0, 0, 0.59%, 0, 0, 1, 71.47
1528804673, 1750, 0, 1, 0, 0, 0.59%, 0, 0, 1, 68.93
1528804678, 1753, 0, 1, 0, 0, 0.59%, 0, 0, 1, 70.87
1528804684, 1756, 0, 1, 0, 0, 0.59%, 0, 0, 1, 71.52
1528804689, 1759, 0, 1, 0, 0, 0.59%, 0, 0, 1, 70.43
1528804694, 1762, 0, 1, 0, 0, 0.59%, 0, 0, 1, 71.11
1528804699, 1765, 0, 1, 0, 0, 0.59%, 0, 0, 1, 71.92
1528804704, 1767, 0, 1, 0, 0, 0.59%, 0, 0, 1, 71.68
1528804709, 1770, 0, 1, 0, 0, 0.59%, 0, 0, 1, 69.73
1528804715, 1773, 0, 1, 0, 0, 0.59%, 0, 0, 1, 70.23
1528804720, 1776, 0, 1, 0, 0, 0.59%, 0, 0, 1, 66.92
1528804725, 1778, 0, 1, 0, 0, 0.59%, 0, 0, 1, 60.53
1528804730, 1781, 0, 1, 0, 0, 0.59%, 0, 0, 1, 62.81
1528804735, 1783, 0, 1, 0, 0, 0.59%, 0, 0, 1, 63.13
1528804740, 1786, 0, 1, 0, 0, 0.59%, 0, 0, 1, 67.73
1528804746, 1789, 0, 1, 0, 0, 0.59%, 0, 0, 1, 67.78
1528804751, 1791, 0, 1, 0, 0, 0.59%, 0, 0, 1, 66.53
1528804756, 1794, 0, 1, 0, 0, 0.59%, 0, 0, 1, 68.87
1528804761, 1797, 0, 1, 0, 0, 0.59%, 0, 0, 1, 71.10
1528804766, 1800, 0, 1, 0, 0, 0.59%, 0, 0, 1, 71.97
1528804771, 1803, 0, 1, 0, 0, 0.59%, 0, 0, 1, 71.95
1528804776, 1806, 0, 1, 0, 0, 0.59%, 0, 0, 1, 72.00
1528804781, 1808, 0, 1, 0, 0, 0.59%, 0, 0, 1, 70.95
1528804787, 1811, 0, 1, 0, 0, 0.59%, 0, 0, 1, 70.24
1528804792, 1814, 0, 1, 0, 0, 0.59%, 0, 0, 1, 71.05
1528804797, 1817, 0, 1, 0, 0, 0.59%, 0, 0, 1, 71.85
1528804802, 1820, 0, 1, 0, 0, 0.59%, 0, 0, 1, 71.93
1528804807, 1823, 0, 1, 0, 0, 0.59%, 0, 0, 1, 69.29
1528804812, 1825, 0, 1, 0, 0, 0.59%, 0, 0, 1, 66.85
1528804818, 1828, 0, 1, 0, 0, 0.59%, 0, 0, 1, 70.76
1528804823, 1831, 0, 1, 0, 0, 0.59%, 0, 0, 1, 66.96
1528804828, 1833, 0, 1, 0, 0, 0.59%, 0, 0, 1, 64.07
1528804833, 1836, 0, 1, 0, 0, 0.59%, 0, 0, 1, 64.51
1528804838, 1838, 0, 1, 0, 0, 0.59%, 0, 0, 1, 63.87
1528804843, 1841, 0, 1, 0, 0, 0.59%, 0, 0, 1, 62.86
1528804848, 1843, 0, 1, 0, 0, 0.59%, 0, 0, 1, 64.33
1528804853, 1846, 0, 1, 0, 0, 0.59%, 0, 0, 1, 63.74
1528804858, 1848, 0, 1, 0, 0, 0.59%, 0, 0, 1, 62.02
1528804863, 1851, 0, 1, 0, 0, 0.59%, 0, 0, 1, 65.22
1528804868, 1853, 0, 1, 0, 0, 0.59%, 0, 0, 1, 63.07
1528804873, 1856, 0, 1, 0, 0, 0.59%, 0, 0, 1, 67.89
1528804879, 1859, 0, 1, 0, 0, 0.59%, 0, 0, 1, 69.27
1528804884, 1862, 0, 1, 0, 0, 0.59%, 0, 0, 1, 70.84
1528804889, 1865, 0, 1, 0, 0, 0.59%, 0, 0, 1, 71.23
1528804894, 1868, 0, 1, 0, 0, 0.59%, 0, 0, 1, 70.95
1528804899, 1870, 0, 1, 0, 0, 0.59%, 0, 0, 1, 71.04
1528804904, 1873, 0, 1, 0, 0, 0.59%, 0, 0, 1, 65.42
1528804910, 1876, 0, 1, 0, 0, 0.59%, 0, 0, 1, 67.86
1528804915, 1878, 0, 1, 0, 0, 0.59%, 0, 0, 1, 68.18
1528804920, 1881, 0, 1, 0, 0, 0.59%, 0, 0, 1, 68.32
1528804925, 1884, 0, 1, 0, 0, 0.59%, 0, 0, 1, 70.60
1528804930, 1887, 0, 1, 0, 0, 0.59%, 0, 0, 1, 69.98
1528804935, 1890, 0, 1, 0, 0, 0.59%, 0, 0, 1, 70.88
1528804940, 1893, 0, 1, 0, 0, 0.59%, 0, 0, 1, 70.81
1528804946, 1895, 0, 1, 0, 0, 0.59%, 0, 0, 1, 71.53
1528804951, 1898, 0, 1, 0, 0, 0.59%, 0, 0, 1, 71.19
1528804956, 1901, 0, 1, 0, 0, 0.59%, 0, 0, 1, 71.63
1528804961, 1904, 0, 1, 0, 0, 0.59%, 0, 0, 1, 70.96
1528804966, 1907, 0, 1, 0, 0, 0.59%, 0, 0, 1, 71.01
1528804971, 1910, 0, 1, 0, 0, 0.59%, 0, 0, 1, 71.74
1528804976, 1912, 0, 1, 0, 0, 0.59%, 0, 0, 1, 69.94
1528804982, 1915, 0, 1, 0, 0, 0.59%, 0, 0, 1, 65.28
1528804987, 1918, 0, 1, 0, 0, 0.59%, 0, 0, 1, 62.45
1528804992, 1920, 0, 1, 0, 0, 0.59%, 0, 0, 1, 61.33
1528804997, 1922, 0, 1, 0, 0, 0.59%, 0, 0, 1, 58.78
1528805002, 1925, 0, 1, 0, 0, 0.59%, 0, 0, 1, 61.25
1528805007, 1927, 0, 1, 0, 0, 0.59%, 0, 0, 1, 63.37
1528805012, 1930, 0, 1, 0, 0, 0.59%, 0, 0, 1, 67.25
1528805017, 1933, 0, 1, 0, 0, 0.59%, 0, 0, 1, 68.87
1528805022, 1936, 0, 1, 0, 0, 0.59%, 0, 0, 1, 70.82
1528805028, 1939, 0, 1, 0, 0, 0.59%, 0, 0, 1, 72.18
1528805033, 1942, 0, 1, 0, 0, 0.59%, 0, 0, 1, 72.54
1528805038, 1944, 0, 1, 0, 0, 0.59%, 0, 0, 1, 72.78
1528805043, 1947, 0, 1, 0, 0, 0.59%, 0, 0, 1, 72.56
1528805048, 1950, 0, 1, 0, 0, 0.59%, 0, 0, 1, 72.85
1528805053, 1953, 0, 1, 0, 0, 0.59%, 0, 0, 1, 71.78
1528805059, 1956, 0, 1, 0, 0, 0.59%, 0, 0, 1, 69.06
1528805064, 1959, 0, 1, 0, 0, 0.59%, 0, 0, 1, 67.92
1528805069, 1961, 0, 1, 0, 0, 0.59%, 0, 0, 1, 67.78
1528805074, 1964, 0, 1, 0, 0, 0.59%, 0, 0, 1, 69.26
1528805079, 1967, 0, 1, 0, 0, 0.59%, 0, 0, 1, 68.25
1528805084, 1970, 0, 1, 0, 0, 0.59%, 0, 0, 1, 65.30
1528805089, 1972, 0, 1, 0, 0, 0.59%, 0, 0, 1, 61.27
1528805095, 1975, 0, 1, 0, 0, 0.59%, 0, 0, 1, 65.75
1528805100, 1977, 0, 1, 0, 0, 0.59%, 0, 0, 1, 64.96
1528805105, 1980, 0, 1, 0, 0, 0.59%, 0, 0, 1, 63.69
1528805110, 1982, 0, 1, 0, 0, 0.59%, 0, 0, 1, 66.26
1528805115, 1985, 0, 1, 0, 0, 0.59%, 0, 0, 1, 64.08
1528805120, 1987, 0, 1, 0, 0, 0.59%, 0, 0, 1, 60.96
1528805125, 1990, 0, 1, 0, 0, 0.59%, 0, 0, 1, 58.56
1528805130, 1992, 0, 1, 0, 0, 0.59%, 0, 0, 1, 52.32
1528805135, 1994, 0, 1, 0, 0, 0.59%, 0, 0, 1, 55.00
1528805140, 1996, 0, 1, 0, 0, 0.59%, 0, 0, 1, 53.59
1528805145, 1998, 0, 1, 0, 0, 0.59%, 0, 0, 1, 53.87
1528805150, 2000, 0, 1, 0, 0, 0.59%, 0, 0, 1, 56.12
1528805155, 2003, 0, 1, 0, 0, 0.59%, 0, 0, 1, 56.14
1528805160, 2005, 0, 1, 0, 0, 0.59%, 0, 0, 1, 51.76
1528805166, 2007, 0, 1, 0, 0, 0.59%, 0, 0, 1, 51.80
1528805171, 2009, 0, 1, 0, 0, 0.59%, 0, 0, 1, 51.30
1528805176, 2011, 0, 1, 0, 0, 0.59%, 0, 0, 1, 51.23
1528805181, 2013, 0, 1, 0, 0, 0.59%, 0, 0, 1, 51.11
1528805186, 2015, 0, 1, 0, 0, 0.59%, 0, 0, 1, 53.39
1528805191, 2017, 0, 1, 0, 0, 0.59%, 0, 0, 1, 56.25
1528805196, 2020, 0, 1, 0, 0, 0.59%, 0, 0, 1, 57.06
1528805201, 2022, 0, 1, 0, 0, 0.59%, 0, 0, 1, 56.73
1528805206, 2024, 0, 1, 0, 0, 0.59%, 0, 0, 1, 56.46
1528805211, 2026, 0, 1, 0, 0, 0.59%, 0, 0, 1, 59.59
1528805217, 2029, 0, 1, 0, 0, 0.59%, 0, 0, 1, 55.37
1528805222, 2031, 0, 1, 0, 0, 0.59%, 0, 0, 1, 58.59
1528805227, 2033, 0, 1, 0, 0, 0.59%, 0, 0, 1, 59.36
1528805232, 2036, 0, 1, 0, 0, 0.59%, 0, 0, 1, 56.32
1528805237, 2038, 0, 1, 0, 0, 0.59%, 0, 0, 1, 55.94
1528805242, 2040, 0, 1, 0, 0, 0.59%, 0, 0, 1, 53.68
1528805247, 2042, 0, 1, 0, 0, 0.59%, 0, 0, 1, 54.70
1528805252, 2044, 0, 1, 0, 0, 0.59%, 0, 0, 1, 54.53
1528805257, 2046, 0, 1, 0, 0, 0.59%, 0, 0, 1, 50.05
1528805262, 2048, 0, 1, 0, 0, 0.59%, 0, 0, 1, 45.16
1528805267, 2049, 0, 1, 0, 0, 0.59%, 0, 0, 1, 39.28
1528805272, 2051, 0, 1, 0, 0, 0.59%, 0, 0, 1, 40.41
1528805278, 2053, 0, 1, 0, 0, 0.59%, 0, 0, 1, 42.53
1528805283, 2055, 0, 1, 0, 0, 0.59%, 0, 0, 1, 45.32
1528805288, 2056, 0, 1, 0, 0, 0.59%, 0, 0, 1, 43.40
1528805293, 2058, 0, 1, 0, 0, 0.59%, 0, 0, 1, 52.74
1528805298, 2060, 0, 1, 0, 0, 0.59%, 0, 0, 1, 53.79
1528805303, 2063, 0, 1, 0, 0, 0.59%, 0, 0, 1, 56.04
1528805308, 2065, 0, 1, 0, 0, 0.59%, 0, 0, 1, 56.51
1528805313, 2067, 0, 1, 0, 0, 0.59%, 0, 0, 1, 51.29
1528805318, 2069, 0, 1, 0, 0, 0.59%, 0, 0, 1, 50.50
1528805323, 2071, 0, 1, 0, 0, 0.59%, 0, 0, 1, 49.59
1528805328, 2073, 0, 1, 0, 0, 0.59%, 0, 0, 1, 52.05
1528805333, 2075, 0, 1, 0, 0, 0.59%, 0, 0, 1, 53.91
1528805339, 2077, 0, 1, 0, 0, 0.59%, 0, 0, 1, 45.97
1528805344, 2079, 0, 1, 0, 0, 0.59%, 0, 0, 1, 54.35
1528805349, 2081, 0, 1, 0, 0, 0.59%, 0, 0, 1, 55.91
1528805354, 2084, 0, 1, 0, 0, 0.59%, 0, 0, 1, 56.88
1528805359, 2086, 0, 1, 0, 0, 0.59%, 0, 0, 1, 54.42
1528805364, 2088, 0, 1, 0, 0, 0.59%, 0, 0, 1, 56.49
1528805369, 2090, 0, 1, 0, 0, 0.59%, 0, 0, 1, 56.47
1528805374, 2093, 0, 1, 0, 0, 0.59%, 0, 0, 1, 58.18
1528805379, 2095, 0, 1, 0, 0, 0.59%, 0, 0, 1, 57.65
1528805384, 2097, 0, 1, 0, 0, 0.59%, 0, 0, 1, 57.57
1528805389, 2099, 0, 1, 0, 0, 0.59%, 0, 0, 1, 57.73
1528805394, 2102, 0, 1, 0, 0, 0.59%, 0, 0, 1, 57.52
1528805400, 2104, 0, 1, 0, 0, 0.59%, 0, 0, 1, 55.71
1528805405, 2106, 0, 1, 0, 0, 0.59%, 0, 0, 1, 57.22
1528805410, 2109, 0, 1, 0, 0, 0.59%, 0, 0, 1, 56.90
1528805415, 2111, 0, 1, 0, 0, 0.59%, 0, 0, 1, 57.40
1528805420, 2113, 0, 1, 0, 0, 0.59%, 0, 0, 1, 57.44
1528805425, 2115, 0, 1, 0, 0, 0.59%, 0, 0, 1, 56.62
1528805430, 2118, 0, 1, 0, 0, 0.59%, 0, 0, 1, 57.30
1528805436, 2120, 0, 1, 0, 0, 0.59%, 0, 0, 1, 56.84
1528805441, 2122, 0, 1, 0, 0, 0.59%, 0, 0, 1, 57.52
1528805446, 2125, 0, 1, 0, 0, 0.59%, 0, 0, 1, 57.34
1528805451, 2127, 0, 1, 0, 0, 0.59%, 0, 0, 1, 56.49
1528805456, 2129, 0, 1, 0, 0, 0.59%, 0, 0, 1, 54.72
1528805461, 2131, 0, 1, 0, 0, 0.59%, 0, 0, 1, 55.82
1528805466, 2133, 0, 1, 0, 0, 0.59%, 0, 0, 1, 58.14
1528805471, 2136, 0, 1, 0, 0, 0.59%, 0, 0, 1, 57.27
1528805476, 2138, 0, 1, 0, 0, 0.59%, 0, 0, 1, 52.55
1528805481, 2140, 0, 1, 0, 0, 0.59%, 0, 0, 1, 57.27
1528805486, 2142, 0, 1, 0, 0, 0.59%, 0, 0, 1, 57.68
1528805491, 2145, 0, 1, 0, 0, 0.59%, 0, 0, 1, 57.33
1528805497, 2147, 0, 1, 0, 0, 0.59%, 0, 0, 1, 57.26
1528805502, 2149, 0, 1, 0, 0, 0.59%, 0, 0, 1, 57.30
1528805507, 2152, 0, 1, 0, 0, 0.59%, 0, 0, 1, 57.97
1528805512, 2154, 0, 1, 0, 0, 0.59%, 0, 0, 1, 57.96
1528805517, 2156, 0, 1, 0, 0, 0.59%, 0, 0, 1, 57.45
1528805522, 2159, 0, 1, 0, 0, 0.59%, 0, 0, 1, 57.21
1528805527, 2161, 0, 1, 0, 0, 0.59%, 0, 0, 1, 56.79
1528805532, 2163, 0, 1, 0, 0, 0.59%, 0, 0, 1, 57.61
1528805537, 2165, 0, 1, 0, 0, 0.59%, 0, 0, 1, 57.26
1528805543, 2168, 0, 1, 0, 0, 0.59%, 0, 0, 1, 57.85
1528805548, 2170, 0, 1, 0, 0, 0.59%, 0, 0, 1, 57.19
1528805553, 2172, 0, 1, 0, 0, 0.59%, 0, 0, 1, 57.14
1528805558, 2175, 0, 1, 0, 0, 0.59%, 0, 0, 1, 57.28
1528805563, 2177, 0, 1, 0, 0, 0.59%, 0, 0, 1, 57.11
1528805568, 2179, 0, 1, 0, 0, 0.59%, 0, 0, 1, 56.67
1528805573, 2181, 0, 1, 0, 0, 0.59%, 0, 0, 1, 57.72
1528805578, 2184, 0, 1, 0, 0, 0.59%, 0, 0, 1, 57.61
1528805583, 2186, 0, 1, 0, 0, 0.59%, 0, 0, 1, 58.62
1528805588, 2188, 0, 1, 0, 0, 0.59%, 0, 0, 1, 58.44
1528805594, 2191, 0, 1, 0, 0, 0.59%, 0, 0, 1, 58.42
1528805599, 2193, 0, 1, 0, 0, 0.59%, 0, 0, 1, 58.44
1528805604, 2195, 0, 1, 0, 0, 0.59%, 0, 0, 1, 59.09
1528805609, 2198, 0, 1, 0, 0, 0.59%, 0, 0, 1, 57.87
1528805614, 2200, 0, 1, 0, 0, 0.59%, 0, 0, 1, 58.32
1528805619, 2202, 0, 1, 0, 0, 0.59%, 0, 0, 1, 57.73
1528805624, 2204, 0, 1, 0, 0, 0.59%, 0, 0, 1, 58.52
1528805629, 2207, 0, 1, 0, 0, 0.59%, 0, 0, 1, 58.78
1528805634, 2209, 0, 1, 0, 0, 0.59%, 0, 0, 1, 58.14
1528805639, 2211, 0, 1, 0, 0, 0.59%, 0, 0, 1, 57.86
1528805644, 2214, 0, 1, 0, 0, 0.59%, 0, 0, 1, 58.79
1528805649, 2216, 0, 1, 0, 0, 0.59%, 0, 0, 1, 56.72
1528805654, 2218, 0, 1, 0, 0, 0.59%, 0, 0, 1, 58.17
1528805660, 2221, 0, 1, 0, 0, 0.59%, 0, 0, 1, 58.65
1528805665, 2223, 0, 1, 0, 0, 0.59%, 0, 0, 1, 58.39
1528805670, 2225, 0, 1, 0, 0, 0.59%, 0, 0, 1, 58.01
1528805675, 2228, 0, 1, 0, 0, 0.59%, 0, 0, 1, 58.70
1528805680, 2230, 0, 1, 0, 0, 0.59%, 0, 0, 1, 58.09
1528805685, 2232, 0, 1, 0, 0, 0.59%, 0, 0, 1, 55.75
1528805690, 2234, 0, 1, 0, 0, 0.59%, 0, 0, 1, 56.85
1528805695, 2237, 0, 1, 0, 0, 0.59%, 0, 0, 1, 58.09
1528805701, 2239, 0, 1, 0, 0, 0.59%, 0, 0, 1, 58.31
1528805706, 2242, 0, 1, 0, 0, 0.59%, 0, 0, 1, 58.29
1528805711, 2244, 0, 1, 0, 0, 0.59%, 0, 0, 1, 58.17
1528805716, 2246, 0, 1, 0, 0, 0.59%, 0, 0, 1, 56.96
1528805721, 2248, 0, 1, 0, 0, 0.59%, 0, 0, 1, 58.50
1528805726, 2251, 0, 1, 0, 0, 0.59%, 0, 0, 1, 59.10
1528805731, 2253, 0, 1, 0, 0, 0.59%, 0, 0, 1, 57.48
1528805737, 2255, 0, 1, 0, 0, 0.59%, 0, 0, 1, 58.86
1528805742, 2258, 0, 1, 0, 0, 0.59%, 0, 0, 1, 58.69
1528805747, 2260, 0, 1, 0, 0, 0.59%, 0, 0, 1, 59.17
1528805752, 2263, 0, 1, 0, 0, 0.59%, 0, 0, 1, 57.99
1528805757, 2265, 0, 1, 0, 0, 0.59%, 0, 0, 1, 58.96
1528805762, 2267, 0, 1, 0, 0, 0.59%, 0, 0, 1, 58.95
1528805767, 2270, 0, 1, 0, 0, 0.59%, 0, 0, 1, 58.95
1528805772, 2272, 0, 1, 0, 0, 0.59%, 0, 0, 1, 59.43
1528805777, 2274, 0, 1, 0, 0, 0.59%, 0, 0, 1, 58.53
1528805782, 2277, 0, 1, 0, 0, 0.59%, 0, 0, 1, 59.01
1528805788, 2279, 0, 1, 0, 0, 0.59%, 0, 0, 1, 57.86
1528805793, 2281, 0, 1, 0, 0, 0.59%, 0, 0, 1, 59.04
1528805798, 2284, 0, 1, 0, 0, 0.59%, 0, 0, 1, 58.48
1528805803, 2286, 0, 1, 0, 0, 0.59%, 0, 0, 1, 58.07
1528805808, 2288, 0, 1, 0, 0, 0.59%, 0, 0, 1, 58.16
1528805813, 2291, 0, 1, 0, 0, 0.59%, 0, 0, 1, 58.59
1528805818, 2293, 0, 1, 0, 0, 0.59%, 0, 0, 1, 58.83
1528805823, 2295, 0, 1, 0, 0, 0.59%, 0, 0, 1, 57.93
1528805828, 2298, 0, 1, 0, 0, 0.59%, 0, 0, 1, 58.46
1528805834, 2300, 0, 1, 0, 0, 0.59%, 0, 0, 1, 58.16
1528805839, 2302, 0, 1, 0, 0, 0.59%, 0, 0, 1, 58.97
1528805844, 2305, 0, 1, 0, 0, 0.59%, 0, 0, 1, 58.77
1528805849, 2307, 0, 1, 0, 0, 0.59%, 0, 0, 1, 58.61
1528805854, 2309, 0, 1, 0, 0, 0.59%, 0, 0, 1, 58.26
1528805859, 2311, 0, 1, 0, 0, 0.59%, 0, 0, 1, 58.94
1528805864, 2314, 0, 1, 0, 0, 0.59%, 0, 0, 1, 57.21
1528805869, 2316, 0, 1, 0, 0, 0.59%, 0, 0, 1, 57.62
1528805874, 2319, 0, 1, 0, 0, 0.59%, 0, 0, 1, 59.24
1528805880, 2321, 0, 1, 0, 0, 0.59%, 0, 0, 1, 57.85
1528805885, 2323, 0, 1, 0, 0, 0.59%, 0, 0, 1, 57.81
1528805890, 2325, 0, 1, 0, 0, 0.59%, 0, 0, 1, 57.85
1528805895, 2328, 0, 1, 0, 0, 0.59%, 0, 0, 1, 59.37
1528805900, 2330, 0, 1, 0, 0, 0.59%, 0, 0, 1, 59.90
1528805905, 2332, 0, 1, 0, 0, 0.59%, 0, 0, 1, 58.98
1528805910, 2335, 0, 1, 0, 0, 0.59%, 0, 0, 1, 59.11
1528805915, 2337, 0, 1, 0, 0, 0.59%, 0, 0, 1, 60.04
1528805920, 2340, 0, 1, 0, 0, 0.59%, 0, 0, 1, 59.27
1528805926, 2342, 0, 1, 0, 0, 0.59%, 0, 0, 1, 59.42
1528805931, 2344, 0, 1, 0, 0, 0.59%, 0, 0, 1, 57.99
1528805936, 2347, 0, 1, 0, 0, 0.59%, 0, 0, 1, 59.22
1528805941, 2349, 0, 1, 0, 0, 0.59%, 0, 0, 1, 59.43
1528805946, 2352, 0, 1, 0, 0, 0.59%, 0, 0, 1, 59.52
1528805951, 2354, 0, 1, 0, 0, 0.59%, 0, 0, 1, 59.03
1528805956, 2356, 0, 1, 0, 0, 0.59%, 0, 0, 1, 58.49
1528805961, 2359, 0, 1, 0, 0, 0.59%, 0, 0, 1, 58.43
1528805966, 2361, 0, 1, 0, 0, 0.59%, 0, 0, 1, 58.38
1528805971, 2363, 0, 1, 0, 0, 0.59%, 0, 0, 1, 57.95
1528805977, 2366, 0, 1, 0, 0, 0.59%, 0, 0, 1, 58.82
1528805982, 2368, 0, 1, 0, 0, 0.59%, 0, 0, 1, 58.90
1528805987, 2370, 0, 1, 0, 0, 0.59%, 0, 0, 1, 58.96
1528805992, 2373, 0, 1, 0, 0, 0.59%, 0, 0, 1, 59.16
1528805997, 2375, 0, 1, 0, 0, 0.59%, 0, 0, 1, 57.84
1528806002, 2377, 0, 1, 0, 0, 0.59%, 0, 0, 1, 58.39
1528806007, 2379, 0, 1, 0, 0, 0.59%, 0, 0, 1, 57.63
1528806012, 2382, 0, 1, 0, 0, 0.59%, 0, 0, 1, 58.20
1528806017, 2384, 0, 1, 0, 0, 0.59%, 0, 0, 1, 59.84
1528806023, 2387, 0, 1, 0, 0, 0.59%, 0, 0, 1, 60.52
1528806028, 2389, 0, 1, 0, 0, 0.59%, 0, 0, 1, 60.71
1528806033, 2391, 0, 1, 0, 0, 0.59%, 0, 0, 1, 60.58
1528806038, 2394, 0, 1, 0, 0, 0.59%, 0, 0, 1, 60.58
1528806043, 2396, 0, 1, 0, 0, 0.59%, 0, 0, 1, 60.29
1528806048, 2399, 0, 1, 0, 0, 0.59%, 0, 0, 1, 60.39
1528806053, 2401, 0, 1, 0, 0, 0.59%, 0, 0, 1, 58.37
1528806058, 2403, 0, 1, 0, 0, 0.59%, 0, 0, 1, 57.28
1528806063, 2406, 0, 1, 0, 0, 0.59%, 0, 0, 1, 58.62
1528806068, 2408, 0, 1, 0, 0, 0.59%, 0, 0, 1, 59.25
1528806073, 2410, 0, 1, 0, 0, 0.59%, 0, 0, 1, 59.95
1528806078, 2413, 0, 1, 0, 0, 0.59%, 0, 0, 1, 59.88
1528806084, 2415, 0, 1, 0, 0, 0.59%, 0, 0, 1, 59.66
1528806089, 2417, 0, 1, 0, 0, 0.59%, 0, 0, 1, 59.06
1528806094, 2420, 0, 1, 0, 0, 0.59%, 0, 0, 1, 59.79
1528806099, 2422, 0, 1, 0, 0, 0.59%, 0, 0, 1, 60.41
1528806104, 2424, 0, 1, 0, 0, 0.59%, 0, 0, 1, 59.16
1528806109, 2427, 0, 1, 0, 0, 0.59%, 0, 0, 1, 58.69
1528806114, 2429, 0, 1, 0, 0, 0.59%, 0, 0, 1, 58.96
1528806119, 2431, 0, 1, 0, 0, 0.59%, 0, 0, 1, 58.49
1528806124, 2434, 0, 1, 0, 0, 0.59%, 0, 0, 1, 57.94
1528806129, 2436, 0, 1, 0, 0, 0.59%, 0, 0, 1, 58.14
1528806134, 2438, 0, 1, 0, 0, 0.59%, 0, 0, 1, 58.55
1528806139, 2441, 0, 1, 0, 0, 0.59%, 0, 0, 1, 57.42
1528806144, 2443, 0, 1, 0, 0, 0.59%, 0, 0, 1, 57.90
1528806149, 2445, 0, 1, 0, 0, 0.59%, 0, 0, 1, 59.17
1528806154, 2447, 0, 1, 0, 0, 0.59%, 0, 0, 1, 59.11
1528806160, 2450, 0, 1, 0, 0, 0.59%, 0, 0, 1, 57.98
1528806165, 2452, 0, 1, 0, 0, 0.59%, 0, 0, 1, 57.76
1528806170, 2455, 0, 1, 0, 0, 0.59%, 0, 0, 1, 59.30
1528806175, 2457, 0, 1, 0, 0, 0.59%, 0, 0, 1, 59.12
1528806180, 2459, 0, 1, 0, 0, 0.59%, 0, 0, 1, 58.94
1528806185, 2462, 0, 1, 0, 0, 0.59%, 0, 0, 1, 59.14
1528806191, 2464, 0, 1, 0, 0, 0.59%, 0, 0, 1, 59.15
1528806196, 2467, 0, 1, 0, 0, 0.59%, 0, 0, 1, 60.40
1528806201, 2469, 0, 1, 0, 0, 0.59%, 0, 0, 1, 60.67
1528806206, 2471, 0, 1, 0, 0, 0.59%, 0, 0, 1, 60.79
1528806211, 2474, 0, 1, 0, 0, 0.59%, 0, 0, 1, 59.85
1528806216, 2476, 0, 1, 0, 0, 0.59%, 0, 0, 1, 59.55
1528806221, 2478, 0, 1, 0, 0, 0.59%, 0, 0, 1, 59.06
1528806226, 2481, 0, 1, 0, 0, 0.59%, 0, 0, 1, 58.08
1528806231, 2483, 0, 1, 0, 0, 0.59%, 0, 0, 1, 57.29
1528806236, 2485, 0, 1, 0, 0, 0.59%, 0, 0, 1, 57.36
1528806241, 2487, 0, 1, 0, 0, 0.59%, 0, 0, 1, 56.41
1528806246, 2490, 0, 1, 0, 0, 0.59%, 0, 0, 1, 57.88
1528806251, 2492, 0, 1, 0, 0, 0.59%, 0, 0, 1, 57.82
1528806257, 2494, 0, 1, 0, 0, 0.59%, 0, 0, 1, 57.44
1528806262, 2497, 0, 1, 0, 0, 0.59%, 0, 0, 1, 59.36
1528806267, 2499, 0, 1, 0, 0, 0.59%, 0, 0, 1, 58.90
1528806272, 2501, 0, 1, 0, 0, 0.59%, 0, 0, 1, 57.40
1528806277, 2504, 0, 1, 0, 0, 0.59%, 0, 0, 1, 58.07
1528806282, 2506, 0, 1, 0, 0, 0.59%, 0, 0, 1, 58.17
1528806287, 2508, 0, 1, 0, 0, 0.59%, 0, 0, 1, 58.02
1528806292, 2511, 0, 1, 0, 0, 0.59%, 0, 0, 1, 58.19
1528806298, 2513, 0, 1, 0, 0, 0.59%, 0, 0, 1, 59.56
1528806303, 2515, 0, 1, 0, 0, 0.59%, 0, 0, 1, 56.94
1528806308, 2517, 0, 1, 0, 0, 0.59%, 0, 0, 1, 57.32
1528806313, 2520, 0, 1, 0, 0, 0.59%, 0, 0, 1, 59.18
1528806318, 2522, 0, 1, 0, 0, 0.59%, 0, 0, 1, 60.57
1528806323, 2525, 0, 1, 0, 0, 0.59%, 0, 0, 1, 60.79
1528806328, 2527, 0, 1, 0, 0, 0.59%, 0, 0, 1, 58.92
1528806333, 2529, 0, 1, 0, 0, 0.59%, 0, 0, 1, 59.16
1528806338, 2532, 0, 1, 0, 0, 0.59%, 0, 0, 1, 60.00
1528806343, 2534, 0, 1, 0, 0, 0.59%, 0, 0, 1, 59.71
1528806348, 2536, 0, 1, 0, 0, 0.59%, 0, 0, 1, 58.35
1528806353, 2539, 0, 1, 0, 0, 0.59%, 0, 0, 1, 58.32
1528806358, 2541, 0, 1, 0, 0, 0.59%, 0, 0, 1, 56.98
1528806363, 2543, 0, 1, 0, 0, 0.59%, 0, 0, 1, 58.38
1528806368, 2545, 0, 1, 0, 0, 0.59%, 0, 0, 1, 57.38
1528806373, 2548, 0, 1, 0, 0, 0.59%, 0, 0, 1, 59.36
1528806379, 2550, 0, 1, 0, 0, 0.59%, 0, 0, 1, 59.62
1528806384, 2553, 0, 1, 0, 0, 0.59%, 0, 0, 1, 59.75
1528806389, 2555, 0, 1, 0, 0, 0.59%, 0, 0, 1, 57.89
1528806394, 2557, 0, 1, 0, 0, 0.59%, 0, 0, 1, 58.09
1528806399, 2560, 0, 1, 0, 0, 0.59%, 0, 0, 1, 58.06
1528806404, 2562, 0, 1, 0, 0, 0.59%, 0, 0, 1, 60.21
1528806409, 2564, 0, 1, 0, 0, 0.59%, 0, 0, 1, 59.51
1528806414, 2566, 0, 1, 0, 0, 0.59%, 0, 0, 1, 55.02
1528806419, 2569, 0, 1, 0, 0, 0.59%, 0, 0, 1, 58.41
1528806424, 2571, 0, 1, 0, 0, 0.59%, 0, 0, 1, 56.25
1528806430, 2573, 0, 1, 0, 0, 0.59%, 0, 0, 1, 57.67
1528806435, 2576, 0, 1, 0, 0, 0.59%, 0, 0, 1, 59.66
1528806440, 2578, 0, 1, 0, 0, 0.59%, 0, 0, 1, 60.52
1528806445, 2580, 0, 1, 0, 0, 0.59%, 0, 0, 1, 60.55
1528806450, 2583, 0, 1, 0, 0, 0.59%, 0, 0, 1, 60.21
1528806455, 2585, 0, 1, 0, 0, 0.59%, 0, 0, 1, 59.92
1528806460, 2588, 0, 1, 0, 0, 0.59%, 0, 0, 1, 58.73
1528806465, 2590, 0, 1, 0, 0, 0.59%, 0, 0, 1, 57.54
1528806470, 2592, 0, 1, 0, 0, 0.59%, 0, 0, 1, 58.46
1528806475, 2594, 0, 1, 0, 0, 0.59%, 0, 0, 1, 58.85
1528806480, 2597, 0, 1, 0, 0, 0.59%, 0, 0, 1, 58.76
1528806486, 2599, 0, 1, 0, 0, 0.59%, 0, 0, 1, 59.58
1528806491, 2602, 0, 1, 0, 0, 0.59%, 0, 0, 1, 59.33
1528806496, 2604, 0, 1, 0, 0, 0.59%, 0, 0, 1, 60.14
1528806501, 2606, 0, 1, 0, 0, 0.59%, 0, 0, 1, 60.18
1528806506, 2609, 0, 1, 0, 0, 0.59%, 0, 0, 1, 60.47
1528806511, 2611, 0, 1, 0, 0, 0.59%, 0, 0, 1, 60.36
1528806516, 2613, 0, 1, 0, 0, 0.59%, 0, 0, 1, 58.77
1528806521, 2616, 0, 1, 0, 0, 0.59%, 0, 0, 1, 58.04
1528806526, 2618, 0, 1, 0, 0, 0.59%, 0, 0, 1, 58.13
1528806531, 2620, 0, 1, 0, 0, 0.59%, 0, 0, 1, 57.14
1528806536, 2623, 0, 1, 0, 0, 0.59%, 0, 0, 1, 58.94
1528806542, 2625, 0, 1, 0, 0, 0.59%, 0, 0, 1, 58.74
1528806547, 2627, 0, 1, 0, 0, 0.59%, 0, 0, 1, 58.57
1528806552, 2630, 0, 1, 0, 0, 0.59%, 0, 0, 1, 58.76
1528806557, 2632, 0, 1, 0, 0, 0.59%, 0, 0, 1, 58.10
1528806562, 2634, 0, 1, 0, 0, 0.59%, 0, 0, 1, 58.85
1528806567, 2637, 0, 1, 0, 0, 0.59%, 0, 0, 1, 59.68
1528806572, 2639, 0, 1, 0, 0, 0.59%, 0, 0, 1, 57.87
1528806577, 2641, 0, 1, 0, 0, 0.59%, 0, 0, 1, 57.87
1528806582, 2644, 0, 1, 0, 0, 0.59%, 0, 0, 1, 58.70
1528806587, 2646, 0, 1, 0, 0, 0.59%, 0, 0, 1, 59.88
1528806592, 2648, 0, 1, 0, 0, 0.59%, 0, 0, 1, 58.53
1528806598, 2651, 0, 1, 0, 0, 0.59%, 0, 0, 1, 57.17
1528806603, 2653, 0, 1, 0, 0, 0.59%, 0, 0, 1, 58.68
1528806608, 2655, 0, 1, 0, 0, 0.59%, 0, 0, 1, 59.20
1528806613, 2658, 0, 1, 0, 0, 0.59%, 0, 0, 1, 59.73
1528806618, 2660, 0, 1, 0, 0, 0.59%, 0, 0, 1, 60.39
1528806623, 2663, 0, 1, 0, 0, 0.59%, 0, 0, 1, 60.69
1528806628, 2665, 0, 1, 0, 0, 0.59%, 0, 0, 1, 58.32
1528806633, 2667, 0, 1, 0, 0, 0.59%, 0, 0, 1, 58.83
1528806639, 2670, 0, 1, 0, 0, 0.59%, 0, 0, 1, 59.37
1528806644, 2672, 0, 1, 0, 0, 0.59%, 0, 0, 1, 59.47
1528806649, 2674, 0, 1, 0, 0, 0.59%, 0, 0, 1, 58.49
1528806654, 2677, 0, 1, 0, 0, 0.59%, 0, 0, 1, 55.62
1528806659, 2679, 0, 1, 0, 0, 0.59%, 0, 0, 1, 58.03
1528806664, 2681, 0, 1, 0, 0, 0.59%, 0, 0, 1, 58.86
1528806669, 2683, 0, 1, 0, 0, 0.59%, 0, 0, 1, 58.57
1528806674, 2686, 0, 1, 0, 0, 0.59%, 0, 0, 1, 58.56
1528806679, 2688, 0, 1, 0, 0, 0.59%, 0, 0, 1, 56.06
1528806684, 2690, 0, 1, 0, 0, 0.59%, 0, 0, 1, 56.57
1528806689, 2693, 0, 1, 0, 0, 0.59%, 0, 0, 1, 58.15
1528806694, 2695, 0, 1, 0, 0, 0.59%, 0, 0, 1, 57.63
1528806700, 2697, 0, 1, 0, 0, 0.59%, 0, 0, 1, 58.59
1528806705, 2700, 0, 1, 0, 0, 0.59%, 0, 0, 1, 58.29
1528806710, 2702, 0, 1, 0, 0, 0.59%, 0, 0, 1, 58.03
1528806715, 2704, 0, 1, 0, 0, 0.59%, 0, 0, 1, 58.06
1528806720, 2707, 0, 1, 0, 0, 0.59%, 0, 0, 1, 57.86
1528806725, 2709, 0, 1, 0, 0, 0.59%, 0, 0, 1, 58.64
1528806731, 2711, 0, 1, 0, 0, 0.59%, 0, 0, 1, 57.56
1528806736, 2714, 0, 1, 0, 0, 0.59%, 0, 0, 1, 58.30
1528806741, 2716, 0, 1, 0, 0, 0.59%, 0, 0, 1, 57.98
1528806746, 2718, 0, 1, 0, 0, 0.59%, 0, 0, 1, 57.67
1528806751, 2720, 0, 1, 0, 0, 0.59%, 0, 0, 1, 57.27
1528806756, 2723, 0, 1, 0, 0, 0.59%, 0, 0, 1, 59.39
1528806761, 2725, 0, 1, 0, 0, 0.59%, 0, 0, 1, 59.92
1528806766, 2728, 0, 1, 0, 0, 0.59%, 0, 0, 1, 59.50
1528806771, 2730, 0, 1, 0, 0, 0.59%, 0, 0, 1, 60.55
1528806777, 2732, 0, 1, 0, 0, 0.59%, 0, 0, 1, 59.95
1528806782, 2735, 0, 1, 0, 0, 0.59%, 0, 0, 1, 59.46
1528806787, 2737, 0, 1, 0, 0, 0.59%, 0, 0, 1, 58.63
1528806792, 2739, 0, 1, 0, 0, 0.59%, 0, 0, 1, 58.17
1528806797, 2742, 0, 1, 0, 0, 0.59%, 0, 0, 1, 58.93
1528806802, 2744, 0, 1, 0, 0, 0.59%, 0, 0, 1, 58.07
1528806807, 2746, 0, 1, 0, 0, 0.59%, 0, 0, 1, 58.47
1528806812, 2749, 0, 1, 0, 0, 0.59%, 0, 0, 1, 57.88
1528806817, 2751, 0, 1, 0, 0, 0.59%, 0, 0, 1, 58.00
1528806822, 2753, 0, 1, 0, 0, 0.59%, 0, 0, 1, 58.86
1528806827, 2755, 0, 1, 0, 0, 0.59%, 0, 0, 1, 58.03
1528806832, 2758, 0, 1, 0, 0, 0.59%, 0, 0, 1, 58.76
1528806837, 2760, 0, 1, 0, 0, 0.59%, 0, 0, 1, 58.36
1528806842, 2762, 0, 1, 0, 0, 0.59%, 0, 0, 1, 58.93
1528806847, 2765, 0, 1, 0, 0, 0.59%, 0, 0, 1, 56.50
1528806852, 2767, 0, 1, 0, 0, 0.59%, 0, 0, 1, 56.61
1528806857, 2769, 0, 1, 0, 0, 0.59%, 0, 0, 1, 58.02
1528806863, 2772, 0, 1, 0, 0, 0.59%, 0, 0, 1, 59.23
1528806868, 2774, 0, 1, 0, 0, 0.59%, 0, 0, 1, 57.92
1528806873, 2776, 0, 1, 0, 0, 0.59%, 0, 0, 1, 57.58
1528806878, 2778, 0, 1, 0, 0, 0.59%, 0, 0, 1, 58.26
1528806883, 2781, 0, 1, 0, 0, 0.59%, 0, 0, 1, 58.64
1528806888, 2783, 0, 1, 0, 0, 0.59%, 0, 0, 1, 59.17
1528806893, 2786, 0, 1, 0, 0, 0.59%, 0, 0, 1, 59.33
1528806898, 2788, 0, 1, 0, 0, 0.59%, 0, 0, 1, 57.80
1528806903, 2790, 0, 1, 0, 0, 0.59%, 0, 0, 1, 56.99
1528806908, 2792, 0, 1, 0, 0, 0.59%, 0, 0, 1, 56.58
1528806914, 2795, 0, 1, 0, 0, 0.59%, 0, 0, 1, 58.62
1528806919, 2797, 0, 1, 0, 0, 0.59%, 0, 0, 1, 60.51
1528806924, 2800, 0, 1, 0, 0, 0.59%, 0, 0, 1, 60.32
1528806929, 2802, 0, 1, 0, 0, 0.59%, 0, 0, 1, 60.21
1528806934, 2804, 0, 1, 0, 0, 0.59%, 0, 0, 1, 58.27
1528806939, 2806, 0, 1, 0, 0, 0.59%, 0, 0, 1, 58.84
1528806944, 2809, 0, 1, 0, 0, 0.59%, 0, 0, 1, 59.60
1528806949, 2811, 0, 1, 0, 0, 0.59%, 0, 0, 1, 59.01
1528806954, 2813, 0, 1, 0, 0, 0.59%, 0, 0, 1, 58.76
1528806959, 2816, 0, 1, 0, 0, 0.59%, 0, 0, 1, 57.77
1528806964, 2818, 0, 1, 0, 0, 0.59%, 0, 0, 1, 58.11
1528806969, 2820, 0, 1, 0, 0, 0.59%, 0, 0, 1, 57.63
1528806974, 2823, 0, 1, 0, 0, 0.59%, 0, 0, 1, 58.40
1528806979, 2825, 0, 1, 0, 0, 0.59%, 0, 0, 1, 58.55
1528806984, 2827, 0, 1, 0, 0, 0.59%, 0, 0, 1, 58.93
1528806989, 2830, 0, 1, 0, 0, 0.59%, 0, 0, 1, 57.99
1528806994, 2832, 0, 1, 0, 0, 0.59%, 0, 0, 1, 58.10
1528807000, 2834, 0, 1, 0, 0, 0.59%, 0, 0, 1, 59.38
1528807005, 2837, 0, 1, 0, 0, 0.59%, 0, 0, 1, 59.76
1528807010, 2839, 0, 1, 0, 0, 0.59%, 0, 0, 1, 59.46
1528807015, 2841, 0, 1, 0, 0, 0.59%, 0, 0, 1, 59.10
1528807020, 2844, 0, 1, 0, 0, 0.59%, 0, 0, 1, 54.16
1528807025, 2846, 0, 1, 0, 0, 0.59%, 0, 0, 1, 56.78
1528807030, 2848, 0, 1, 0, 0, 0.59%, 0, 0, 1, 57.89
1528807035, 2850, 0, 1, 0, 0, 0.59%, 0, 0, 1, 53.04
1528807040, 2852, 0, 1, 0, 0, 0.59%, 0, 0, 1, 54.42
1528807045, 2855, 0, 1, 0, 0, 0.59%, 0, 0, 1, 58.27
1528807050, 2857, 0, 1, 0, 0, 0.59%, 0, 0, 1, 57.71
1528807055, 2859, 0, 1, 0, 0, 0.59%, 0, 0, 1, 59.34
1528807061, 2862, 0, 1, 0, 0, 0.59%, 0, 0, 1, 60.08
1528807066, 2864, 0, 1, 0, 0, 0.59%, 0, 0, 1, 60.48
1528807071, 2867, 0, 1, 0, 0, 0.59%, 0, 0, 1, 59.82
1528807076, 2869, 0, 1, 0, 0, 0.59%, 0, 0, 1, 57.16
1528807081, 2871, 0, 1, 0, 0, 0.59%, 0, 0, 1, 56.38
1528807086, 2873, 0, 1, 0, 0, 0.59%, 0, 0, 1, 58.04
1528807091, 2876, 0, 1, 0, 0, 0.59%, 0, 0, 1, 57.83
1528807096, 2878, 0, 1, 0, 0, 0.59%, 0, 0, 1, 59.39
1528807101, 2880, 0, 1, 0, 0, 0.59%, 0, 0, 1, 59.95
1528807106, 2883, 0, 1, 0, 0, 0.59%, 0, 0, 1, 59.49
1528807111, 2885, 0, 1, 0, 0, 0.59%, 0, 0, 1, 58.18
1528807116, 2887, 0, 1, 0, 0, 0.59%, 0, 0, 1, 59.09
1528807121, 2890, 0, 1, 0, 0, 0.59%, 0, 0, 1, 57.88
1528807127, 2892, 0, 1, 0, 0, 0.59%, 0, 0, 1, 57.88
1528807132, 2894, 0, 1, 0, 0, 0.59%, 0, 0, 1, 58.88
1528807137, 2897, 0, 1, 0, 0, 0.59%, 0, 0, 1, 57.48
1528807142, 2899, 0, 1, 0, 0, 0.59%, 0, 0, 1, 58.28
1528807147, 2901, 0, 1, 0, 0, 0.59%, 0, 0, 1, 58.55
1528807152, 2904, 0, 1, 0, 0, 0.59%, 0, 0, 1, 58.99
1528807157, 2906, 0, 1, 0, 0, 0.59%, 0, 0, 1, 60.34
1528807163, 2909, 0, 1, 0, 0, 0.59%, 0, 0, 1, 61.24
1528807168, 2911, 0, 1, 0, 0, 0.59%, 0, 0, 1, 58.86
1528807173, 2913, 0, 1, 0, 0, 0.59%, 0, 0, 1, 58.98
1528807178, 2916, 0, 1, 0, 0, 0.59%, 0, 0, 1, 58.55
1528807183, 2918, 0, 1, 0, 0, 0.59%, 0, 0, 1, 59.00
1528807188, 2920, 0, 1, 0, 0, 0.59%, 0, 0, 1, 59.13
1528807193, 2923, 0, 1, 0, 0, 0.59%, 0, 0, 1, 58.23
1528807198, 2925, 0, 1, 0, 0, 0.59%, 0, 0, 1, 58.47
1528807203, 2927, 0, 1, 0, 0, 0.59%, 0, 0, 1, 59.76
1528807209, 2930, 0, 1, 0, 0, 0.59%, 0, 0, 1, 58.74
1528807214, 2932, 0, 1, 0, 0, 0.59%, 0, 0, 1, 58.84
1528807219, 2934, 0, 1, 0, 0, 0.59%, 0, 0, 1, 59.02
1528807224, 2937, 0, 1, 0, 0, 0.59%, 0, 0, 1, 58.10
1528807229, 2939, 0, 1, 0, 0, 0.59%, 0, 0, 1, 56.85
1528807234, 2941, 0, 1, 0, 0, 0.59%, 0, 0, 1, 57.45
1528807239, 2944, 0, 1, 0, 0, 0.59%, 0, 0, 1, 58.71
1528807245, 2946, 0, 1, 0, 0, 0.59%, 0, 0, 1, 58.27
1528807250, 2948, 0, 1, 0, 0, 0.59%, 0, 0, 1, 58.72
1528807255, 2951, 0, 1, 0, 0, 0.59%, 0, 0, 1, 59.54
1528807260, 2953, 0, 1, 0, 0, 0.59%, 0, 0, 1, 58.21
1528807265, 2955, 0, 1, 0, 0, 0.59%, 0, 0, 1, 58.81
1528807270, 2958, 0, 1, 0, 0, 0.59%, 0, 0, 1, 58.39
1528807275, 2960, 0, 1, 0, 0, 0.59%, 0, 0, 1, 59.82
1528807280, 2963, 0, 1, 0, 0, 0.59%, 0, 0, 1, 60.36
1528807285, 2965, 0, 1, 0, 0, 0.59%, 0, 0, 1, 60.67
1528807290, 2967, 0, 1, 0, 0, 0.59%, 0, 0, 1, 60.47
1528807296, 2970, 0, 1, 0, 0, 0.59%, 0, 0, 1, 59.40
1528807301, 2972, 0, 1, 0, 0, 0.59%, 0, 0, 1, 59.82
1528807306, 2974, 0, 1, 0, 0, 0.59%, 0, 0, 1, 59.52
1528807311, 2977, 0, 1, 0, 0, 0.59%, 0, 0, 1, 58.97
1528807316, 2979, 0, 1, 0, 0, 0.59%, 0, 0, 1, 58.06
1528807321, 2981, 0, 1, 0, 0, 0.59%, 0, 0, 1, 58.39
1528807326, 2984, 0, 1, 0, 0, 0.59%, 0, 0, 1, 59.30
1528807331, 2986, 0, 1, 0, 0, 0.59%, 0, 0, 1, 59.52
1528807336, 2989, 0, 1, 0, 0, 0.59%, 0, 0, 1, 59.57
1528807341, 2991, 0, 1, 0, 0, 0.59%, 0, 0, 1, 58.16
1528807346, 2993, 0, 1, 0, 0, 0.59%, 0, 0, 1, 57.39
1528807351, 2995, 0, 1, 0, 0, 0.59%, 0, 0, 1, 58.31
1528807356, 2998, 0, 1, 0, 0, 0.59%, 0, 0, 1, 59.60
1528807362, 3000, 0, 1, 0, 0, 0.59%, 0, 0, 1, 60.45
1528807367, 3003, 0, 1, 0, 0, 0.59%, 0, 0, 1, 60.26
1528807372, 3005, 0, 1, 0, 0, 0.59%, 0, 0, 1, 59.60
1528807377, 3007, 0, 1, 0, 0, 0.59%, 0, 0, 1, 58.24
1528807382, 3010, 0, 1, 0, 0, 0.59%, 0, 0, 1, 57.51
1528807387, 3012, 0, 1, 0, 0, 0.59%, 0, 0, 1, 58.18
1528807392, 3014, 0, 1, 0, 0, 0.59%, 0, 0, 1, 59.45
1528807397, 3017, 0, 1, 0, 0, 0.59%, 0, 0, 1, 60.45
1528807402, 3019, 0, 1, 0, 0, 0.59%, 0, 0, 1, 60.86
1528807408, 3021, 0, 1, 0, 0, 0.59%, 0, 0, 1, 58.82
1528807413, 3024, 0, 1, 0, 0, 0.59%, 0, 0, 1, 57.81
1528807418, 3026, 0, 1, 0, 0, 0.59%, 0, 0, 1, 57.75
1528807423, 3028, 0, 1, 0, 0, 0.59%, 0, 0, 1, 58.05
1528807428, 3031, 0, 1, 0, 0, 0.59%, 0, 0, 1, 58.58
1528807433, 3033, 0, 1, 0, 0, 0.59%, 0, 0, 1, 58.05
1528807438, 3035, 0, 1, 0, 0, 0.59%, 0, 0, 1, 58.91
1528807443, 3037, 0, 1, 0, 0, 0.59%, 0, 0, 1, 57.46
1528807448, 3040, 0, 1, 0, 0, 0.59%, 0, 0, 1, 58.24
1528807453, 3042, 0, 1, 0, 0, 0.59%, 0, 0, 1, 58.04
1528807459, 3044, 0, 1, 0, 0, 0.59%, 0, 0, 1, 57.77
1528807464, 3047, 0, 1, 0, 0, 0.59%, 0, 0, 1, 58.81
1528807469, 3049, 0, 1, 0, 0, 0.59%, 0, 0, 1, 57.06
1528807474, 3051, 0, 1, 0, 0, 0.59%, 0, 0, 1, 57.11
1528807479, 3054, 0, 1, 0, 0, 0.59%, 0, 0, 1, 59.59
1528807484, 3056, 0, 1, 0, 0, 0.59%, 0, 0, 1, 59.54
1528807489, 3058, 0, 1, 0, 0, 0.59%, 0, 0, 1, 57.00
1528807494, 3061, 0, 1, 0, 0, 0.59%, 0, 0, 1, 57.49
1528807499, 3063, 0, 1, 0, 0, 0.59%, 0, 0, 1, 58.50
1528807505, 3065, 0, 1, 0, 0, 0.59%, 0, 0, 1, 58.18
1528807510, 3068, 0, 1, 0, 0, 0.59%, 0, 0, 1, 58.59
1528807515, 3070, 0, 1, 0, 0, 0.59%, 0, 0, 1, 57.22
1528807520, 3072, 0, 1, 0, 0, 0.59%, 0, 0, 1, 57.99
1528807525, 3074, 0, 1, 0, 0, 0.59%, 0, 0, 1, 57.85
1528807530, 3077, 0, 1, 0, 0, 0.59%, 0, 0, 1, 56.00
1528807535, 3079, 0, 1, 0, 0, 0.59%, 0, 0, 1, 58.08
1528807540, 3081, 0, 1, 0, 0, 0.59%, 0, 0, 1, 59.13
1528807545, 3084, 0, 1, 0, 0, 0.59%, 0, 0, 1, 59.63
1528807551, 3086, 0, 1, 0, 0, 0.59%, 0, 0, 1, 57.20
1528807556, 3088, 0, 1, 0, 0, 0.59%, 0, 0, 1, 57.79
1528807561, 3091, 0, 1, 0, 0, 0.59%, 0, 0, 1, 58.30
1528807566, 3093, 0, 1, 0, 0, 0.59%, 0, 0, 1, 59.76
1528807571, 3096, 0, 1, 0, 0, 0.59%, 0, 0, 1, 60.19
1528807576, 3098, 0, 1, 0, 0, 0.59%, 0, 0, 1, 59.47
1528807581, 3100, 0, 1, 0, 0, 0.59%, 0, 0, 1, 59.03
1528807586, 3103, 0, 1, 0, 0, 0.59%, 0, 0, 1, 60.46
1528807591, 3105, 0, 1, 0, 0, 0.59%, 0, 0, 1, 60.11
1528807597, 3108, 0, 1, 0, 0, 0.59%, 0, 0, 1, 59.21
1528807602, 3110, 0, 1, 0, 0, 0.59%, 0, 0, 1, 60.42
1528807607, 3112, 0, 1, 0, 0, 0.59%, 0, 0, 1, 58.46
1528807612, 3115, 0, 1, 0, 0, 0.59%, 0, 0, 1, 58.14
1528807617, 3117, 0, 1, 0, 0, 0.59%, 0, 0, 1, 58.69
1528807622, 3119, 0, 1, 0, 0, 0.59%, 0, 0, 1, 57.45
1528807627, 3121, 0, 1, 0, 0, 0.59%, 0, 0, 1, 57.48
1528807632, 3124, 0, 1, 0, 0, 0.59%, 0, 0, 1, 58.52
1528807638, 3126, 0, 1, 0, 0, 0.59%, 0, 0, 1, 58.30
1528807643, 3128, 0, 1, 0, 0, 0.59%, 0, 0, 1, 57.15
1528807648, 3131, 0, 1, 0, 0, 0.59%, 0, 0, 1, 57.43
1528807653, 3133, 0, 1, 0, 0, 0.59%, 0, 0, 1, 58.21
1528807658, 3136, 0, 1, 0, 0, 0.59%, 0, 0, 1, 58.02
1528807663, 3138, 0, 1, 0, 0, 0.59%, 0, 0, 1, 58.89
1528807668, 3140, 0, 1, 0, 0, 0.59%, 0, 0, 1, 59.78
1528807673, 3143, 0, 1, 0, 0, 0.59%, 0, 0, 1, 60.21
1528807678, 3145, 0, 1, 0, 0, 0.59%, 0, 0, 1, 58.32
1528807683, 3147, 0, 1, 0, 0, 0.59%, 0, 0, 1, 57.93
1528807689, 3149, 0, 1, 0, 0, 0.59%, 0, 0, 1, 58.13
1528807694, 3152, 0, 1, 0, 0, 0.59%, 0, 0, 1, 58.10
1528807699, 3154, 0, 1, 0, 0, 0.59%, 0, 0, 1, 59.06
1528807704, 3157, 0, 1, 0, 0, 0.59%, 0, 0, 1, 60.04
1528807709, 3159, 0, 1, 0, 0, 0.59%, 0, 0, 1, 59.65
1528807714, 3161, 0, 1, 0, 0, 0.59%, 0, 0, 1, 59.62
1528807719, 3164, 0, 1, 0, 0, 0.59%, 0, 0, 1, 59.94
1528807724, 3166, 0, 1, 0, 0, 0.59%, 0, 0, 1, 59.95
1528807729, 3168, 0, 1, 0, 0, 0.59%, 0, 0, 1, 59.49
1528807734, 3171, 0, 1, 0, 0, 0.59%, 0, 0, 1, 60.01
1528807740, 3173, 0, 1, 0, 0, 0.59%, 0, 0, 1, 58.99
1528807745, 3175, 0, 1, 0, 0, 0.59%, 0, 0, 1, 59.20
1528807750, 3178, 0, 1, 0, 0, 0.59%, 0, 0, 1, 58.28
1528807755, 3180, 0, 1, 0, 0, 0.59%, 0, 0, 1, 57.46
1528807760, 3182, 0, 1, 0, 0, 0.59%, 0, 0, 1, 55.44
1528807765, 3185, 0, 1, 0, 0, 0.59%, 0, 0, 1, 58.26
1528807770, 3187, 0, 1, 0, 0, 0.59%, 0, 0, 1, 57.83
1528807775, 3189, 0, 1, 0, 0, 0.59%, 0, 0, 1, 56.43
1528807780, 3191, 0, 1, 0, 0, 0.59%, 0, 0, 1, 58.10
1528807785, 3194, 0, 1, 0, 0, 0.59%, 0, 0, 1, 59.04
1528807791, 3196, 0, 1, 0, 0, 0.59%, 0, 0, 1, 58.44
1528807796, 3198, 0, 1, 0, 0, 0.59%, 0, 0, 1, 58.39
1528807801, 3201, 0, 1, 0, 0, 0.59%, 0, 0, 1, 58.37
1528807806, 3203, 0, 1, 0, 0, 0.59%, 0, 0, 1, 56.21
1528807811, 3205, 0, 1, 0, 0, 0.59%, 0, 0, 1, 58.01
1528807816, 3208, 0, 1, 0, 0, 0.59%, 0, 0, 1, 57.74
1528807821, 3210, 0, 1, 0, 0, 0.59%, 0, 0, 1, 58.68
1528807826, 3212, 0, 1, 0, 0, 0.59%, 0, 0, 1, 58.29
1528807832, 3215, 0, 1, 0, 0, 0.59%, 0, 0, 1, 58.53
1528807837, 3217, 0, 1, 0, 0, 0.59%, 0, 0, 1, 58.02
1528807842, 3219, 0, 1, 0, 0, 0.59%, 0, 0, 1, 59.22
1528807847, 3222, 0, 1, 0, 0, 0.59%, 0, 0, 1, 59.74
1528807852, 3224, 0, 1, 0, 0, 0.59%, 0, 0, 1, 59.37
1528807857, 3226, 0, 1, 0, 0, 0.59%, 0, 0, 1, 56.47
1528807862, 3229, 0, 1, 0, 0, 0.59%, 0, 0, 1, 56.16
1528807868, 3231, 0, 1, 0, 0, 0.59%, 0, 0, 1, 57.71
1528807873, 3233, 0, 1, 0, 0, 0.59%, 0, 0, 1, 57.66
1528807878, 3236, 0, 1, 0, 0, 0.59%, 0, 0, 1, 58.68
1528807883, 3238, 0, 1, 0, 0, 0.59%, 0, 0, 1, 57.78
1528807888, 3240, 0, 1, 0, 0, 0.59%, 0, 0, 1, 57.77
1528807893, 3243, 0, 1, 0, 0, 0.59%, 0, 0, 1, 58.49
1528807898, 3245, 0, 1, 0, 0, 0.59%, 0, 0, 1, 58.53
1528807903, 3247, 0, 1, 0, 0, 0.59%, 0, 0, 1, 60.21
1528807908, 3250, 0, 1, 0, 0, 0.59%, 0, 0, 1, 58.12
1528807914, 3252, 0, 1, 0, 0, 0.59%, 0, 0, 1, 57.38
1528807919, 3254, 0, 1, 0, 0, 0.59%, 0, 0, 1, 58.86
1528807924, 3257, 0, 1, 0, 0, 0.59%, 0, 0, 1, 58.29
1528807929, 3259, 0, 1, 0, 0, 0.59%, 0, 0, 1, 58.74
1528807934, 3261, 0, 1, 0, 0, 0.59%, 0, 0, 1, 59.77
1528807939, 3264, 0, 1, 0, 0, 0.59%, 0, 0, 1, 60.70
1528807944, 3266, 0, 1, 0, 0, 0.59%, 0, 0, 1, 59.06
1528807950, 3269, 0, 1, 0, 0, 0.59%, 0, 0, 1, 57.83
1528807955, 3271, 0, 1, 0, 0, 0.59%, 0, 0, 1, 59.04
1528807960, 3273, 0, 1, 0, 0, 0.59%, 0, 0, 1, 58.76
1528807965, 3276, 0, 1, 0, 0, 0.59%, 0, 0, 1, 57.99
1528807970, 3278, 0, 1, 0, 0, 0.59%, 0, 0, 1, 59.56
1528807975, 3280, 0, 1, 0, 0, 0.59%, 0, 0, 1, 59.44
1528807980, 3283, 0, 1, 0, 0, 0.59%, 0, 0, 1, 58.61
1528807985, 3285, 0, 1, 0, 0, 0.59%, 0, 0, 1, 58.65
1528807990, 3287, 0, 1, 0, 0, 0.59%, 0, 0, 1, 59.19
1528807996, 3290, 0, 1, 0, 0, 0.59%, 0, 0, 1, 58.27
1528808001, 3292, 0, 1, 0, 0, 0.59%, 0, 0, 1, 57.62
1528808006, 3294, 0, 1, 0, 0, 0.59%, 0, 0, 1, 58.18
1528808011, 3297, 0, 1, 0, 0, 0.59%, 0, 0, 1, 57.98
1528808016, 3299, 0, 1, 0, 0, 0.59%, 0, 0, 1, 57.68
1528808021, 3301, 0, 1, 0, 0, 0.59%, 0, 0, 1, 60.00
1528808026, 3304, 0, 1, 0, 0, 0.59%, 0, 0, 1, 58.91
1528808031, 3306, 0, 1, 0, 0, 0.59%, 0, 0, 1, 59.42
1528808037, 3309, 0, 1, 0, 0, 0.59%, 0, 0, 1, 59.69
1528808042, 3311, 0, 1, 0, 0, 0.59%, 0, 0, 1, 58.96
1528808047, 3313, 0, 1, 0, 0, 0.59%, 0, 0, 1, 59.47
1528808052, 3316, 0, 1, 0, 0, 0.59%, 0, 0, 1, 59.18
1528808057, 3318, 0, 1, 0, 0, 0.59%, 0, 0, 1, 58.64
1528808062, 3320, 0, 1, 0, 0, 0.59%, 0, 0, 1, 57.62
1528808067, 3323, 0, 1, 0, 0, 0.59%, 0, 0, 1, 58.05
1528808073, 3325, 0, 1, 0, 0, 0.59%, 0, 0, 1, 57.72
1528808078, 3327, 0, 1, 0, 0, 0.59%, 0, 0, 1, 58.77
1528808083, 3330, 0, 1, 0, 0, 0.59%, 0, 0, 1, 59.01
1528808088, 3332, 0, 1, 0, 0, 0.59%, 0, 0, 1, 59.60
1528808093, 3334, 0, 1, 0, 0, 0.59%, 0, 0, 1, 59.26
1528808098, 3337, 0, 1, 0, 0, 0.59%, 0, 0, 1, 59.08
1528808103, 3339, 0, 1, 0, 0, 0.59%, 0, 0, 1, 57.20
1528808108, 3341, 0, 1, 0, 0, 0.59%, 0, 0, 1, 58.29
1528808114, 3344, 0, 1, 0, 0, 0.59%, 0, 0, 1, 58.04
1528808119, 3346, 0, 1, 0, 0, 0.59%, 0, 0, 1, 58.69
1528808124, 3348, 0, 1, 0, 0, 0.59%, 0, 0, 1, 59.34
1528808129, 3351, 0, 1, 0, 0, 0.59%, 0, 0, 1, 59.24
1528808134, 3353, 0, 1, 0, 0, 0.59%, 0, 0, 1, 58.14
1528808139, 3356, 0, 1, 0, 0, 0.59%, 0, 0, 1, 57.84
1528808145, 3358, 0, 1, 0, 0, 0.59%, 0, 0, 1, 58.28
1528808150, 3360, 0, 1, 0, 0, 0.59%, 0, 0, 1, 58.97
1528808155, 3363, 0, 1, 0, 0, 0.59%, 0, 0, 1, 58.68
1528808160, 3365, 0, 1, 0, 0, 0.59%, 0, 0, 1, 57.26
1528808165, 3367, 0, 1, 0, 0, 0.59%, 0, 0, 1, 58.92
1528808170, 3369, 0, 1, 0, 0, 0.59%, 0, 0, 1, 57.72
1528808175, 3372, 0, 1, 0, 0, 0.59%, 0, 0, 1, 60.10
1528808180, 3374, 0, 1, 0, 0, 0.59%, 0, 0, 1, 60.59
1528808185, 3377, 0, 1, 0, 0, 0.59%, 0, 0, 1, 60.79
1528808190, 3379, 0, 1, 0, 0, 0.59%, 0, 0, 1, 60.43
1528808195, 3381, 0, 1, 0, 0, 0.59%, 0, 0, 1, 59.48
1528808201, 3384, 0, 1, 0, 0, 0.59%, 0, 0, 1, 59.00
1528808206, 3386, 0, 1, 0, 0, 0.59%, 0, 0, 1, 57.54
1528808211, 3388, 0, 1, 0, 0, 0.59%, 0, 0, 1, 57.63
1528808216, 3391, 0, 1, 0, 0, 0.59%, 0, 0, 1, 58.06
1528808221, 3393, 0, 1, 0, 0, 0.59%, 0, 0, 1, 58.79
1528808226, 3395, 0, 1, 0, 0, 0.59%, 0, 0, 1, 55.84
1528808231, 3398, 0, 1, 0, 0, 0.59%, 0, 0, 1, 58.96
1528808236, 3400, 0, 1, 0, 0, 0.59%, 0, 0, 1, 59.55
1528808241, 3402, 0, 1, 0, 0, 0.59%, 0, 0, 1, 59.82
1528808247, 3405, 0, 1, 0, 0, 0.59%, 0, 0, 1, 58.01
1528808252, 3407, 0, 1, 0, 0, 0.59%, 0, 0, 1, 59.60
1528808257, 3410, 0, 1, 0, 0, 0.59%, 0, 0, 1, 58.85
1528808262, 3412, 0, 1, 0, 0, 0.59%, 0, 0, 1, 59.43
1528808267, 3414, 0, 1, 0, 0, 0.59%, 0, 0, 1, 57.83
1528808272, 3417, 0, 1, 0, 0, 0.59%, 0, 0, 1, 59.00
1528808277, 3419, 0, 1, 0, 0, 0.59%, 0, 0, 1, 58.56
1528808282, 3421, 0, 1, 0, 0, 0.59%, 0, 0, 1, 57.69
1528808287, 3424, 0, 1, 0, 0, 0.59%, 0, 0, 1, 59.55
1528808292, 3426, 0, 1, 0, 0, 0.59%, 0, 0, 1, 59.87
1528808298, 3428, 0, 1, 0, 0, 0.59%, 0, 0, 1, 60.02
1528808303, 3431, 0, 1, 0, 0, 0.59%, 0, 0, 1, 59.35
1528808308, 3433, 0, 1, 0, 0, 0.59%, 0, 0, 1, 57.67
1528808313, 3435, 0, 1, 0, 0, 0.59%, 0, 0, 1, 58.03
1528808318, 3438, 0, 1, 0, 0, 0.59%, 0, 0, 1, 57.82
1528808323, 3440, 0, 1, 0, 0, 0.59%, 0, 0, 1, 59.84
1528808328, 3442, 0, 1, 0, 0, 0.59%, 0, 0, 1, 58.95
1528808333, 3445, 0, 1, 0, 0, 0.59%, 0, 0, 1, 58.18
1528808338, 3447, 0, 1, 0, 0, 0.59%, 0, 0, 1, 55.03
1528808343, 3449, 0, 1, 0, 0, 0.59%, 0, 0, 1, 57.37
1528808348, 3451, 0, 1, 0, 0, 0.59%, 0, 0, 1, 58.65
1528808353, 3454, 0, 1, 0, 0, 0.59%, 0, 0, 1, 57.67
1528808358, 3456, 0, 1, 0, 0, 0.59%, 0, 0, 1, 56.83
1528808363, 3458, 0, 1, 0, 0, 0.59%, 0, 0, 1, 56.92
1528808369, 3460, 0, 1, 0, 0, 0.59%, 0, 0, 1, 57.55
1528808374, 3463, 0, 1, 0, 0, 0.59%, 0, 0, 1, 57.04
1528808379, 3465, 0, 1, 0, 0, 0.59%, 0, 0, 1, 57.89
1528808384, 3467, 0, 1, 0, 0, 0.59%, 0, 0, 1, 58.90
1528808389, 3470, 0, 1, 0, 0, 0.59%, 0, 0, 1, 58.01
1528808394, 3472, 0, 1, 0, 0, 0.59%, 0, 0, 1, 59.49
1528808399, 3474, 0, 1, 0, 0, 0.59%, 0, 0, 1, 58.21
1528808404, 3477, 0, 1, 0, 0, 0.59%, 0, 0, 1, 57.65
1528808409, 3479, 0, 1, 0, 0, 0.59%, 0, 0, 1, 58.92
1528808414, 3481, 0, 1, 0, 0, 0.59%, 0, 0, 1, 57.81
1528808420, 3484, 0, 1, 0, 0, 0.59%, 0, 0, 1, 58.98
1528808425, 3486, 0, 1, 0, 0, 0.59%, 0, 0, 1, 58.44
1528808430, 3488, 0, 1, 0, 0, 0.59%, 0, 0, 1, 55.61
1528808435, 3490, 0, 1, 0, 0, 0.59%, 0, 0, 1, 57.82
1528808440, 3493, 0, 1, 0, 0, 0.59%, 0, 0, 1, 57.19
1528808445, 3495, 0, 1, 0, 0, 0.59%, 0, 0, 1, 56.75
1528808450, 3497, 0, 1, 0, 0, 0.59%, 0, 0, 1, 58.60
1528808455, 3500, 0, 1, 0, 0, 0.59%, 0, 0, 1, 59.64
1528808460, 3502, 0, 1, 0, 0, 0.59%, 0, 0, 1, 57.63
1528808465, 3504, 0, 1, 0, 0, 0.59%, 0, 0, 1, 58.46
1528808470, 3507, 0, 1, 0, 0, 0.59%, 0, 0, 1, 58.98
1528808475, 3509, 0, 1, 0, 0, 0.59%, 0, 0, 1, 58.29
1528808480, 3511, 0, 1, 0, 0, 0.59%, 0, 0, 1, 59.55
1528808486, 3514, 0, 1, 0, 0, 0.59%, 0, 0, 1, 59.48
1528808491, 3516, 0, 1, 0, 0, 0.59%, 0, 0, 1, 57.96
1528808496, 3518, 0, 1, 0, 0, 0.59%, 0, 0, 1, 56.22
1528808501, 3520, 0, 1, 0, 0, 0.59%, 0, 0, 1, 56.58
1528808506, 3523, 0, 1, 0, 0, 0.59%, 0, 0, 1, 59.05
1528808511, 3525, 0, 1, 0, 0, 0.59%, 0, 0, 1, 58.07
1528808516, 3527, 0, 1, 0, 0, 0.59%, 0, 0, 1, 56.76
1528808521, 3530, 0, 1, 0, 0, 0.59%, 0, 0, 1, 58.32
1528808526, 3532, 0, 1, 0, 0, 0.59%, 0, 0, 1, 57.11
1528808532, 3534, 0, 1, 0, 0, 0.59%, 0, 0, 1, 57.74
1528808537, 3537, 0, 1, 0, 0, 0.59%, 0, 0, 1, 58.65
1528808542, 3539, 0, 1, 0, 0, 0.59%, 0, 0, 1, 57.37
1528808547, 3541, 0, 1, 0, 0, 0.59%, 0, 0, 1, 57.91
1528808552, 3544, 0, 1, 0, 0, 0.59%, 0, 0, 1, 57.42
1528808557, 3546, 0, 1, 0, 0, 0.59%, 0, 0, 1, 58.46
1528808562, 3548, 0, 1, 0, 0, 0.59%, 0, 0, 1, 57.54
1528808567, 3550, 0, 1, 0, 0, 0.59%, 0, 0, 1, 58.73
1528808572, 3553, 0, 1, 0, 0, 0.59%, 0, 0, 1, 57.80
1528808577, 3555, 0, 1, 0, 0, 0.59%, 0, 0, 1, 58.92
1528808583, 3557, 0, 1, 0, 0, 0.59%, 0, 0, 1, 58.90
1528808588, 3560, 0, 1, 0, 0, 0.59%, 0, 0, 1, 58.09
1528808593, 3562, 0, 1, 0, 0, 0.59%, 0, 0, 1, 59.58
1528808598, 3565, 0, 1, 0, 0, 0.59%, 0, 0, 1, 59.33
1528808603, 3567, 0, 1, 0, 0, 0.59%, 0, 0, 1, 58.62
1528808608, 3569, 0, 1, 0, 0, 0.59%, 0, 0, 1, 56.43
1528808613, 3571, 0, 1, 0, 0, 0.59%, 0, 0, 1, 55.02
1528808618, 3574, 0, 1, 0, 0, 0.59%, 0, 0, 1, 55.35
1528808623, 3576, 0, 1, 0, 0, 0.59%, 0, 0, 1, 58.58
1528808628, 3578, 0, 1, 0, 0, 0.59%, 0, 0, 1, 57.78
1528808633, 3580, 0, 1, 0, 0, 0.59%, 0, 0, 1, 56.23
1528808639, 3583, 0, 1, 0, 0, 0.59%, 0, 0, 1, 58.40
1528808644, 3585, 0, 1, 0, 0, 0.59%, 0, 0, 1, 57.48
1528808649, 3587, 0, 1, 0, 0, 0.59%, 0, 0, 1, 58.06
1528808654, 3590, 0, 1, 0, 0, 0.59%, 0, 0, 1, 57.14
1528808659, 3592, 0, 1, 0, 0, 0.59%, 0, 0, 1, 58.33
1528808664, 3594, 0, 1, 0, 0, 0.59%, 0, 0, 1, 58.31
1528808669, 3597, 0, 1, 0, 0, 0.59%, 0, 0, 1, 59.06
1528808674, 3599, 0, 1, 0, 0, 0.59%, 0, 0, 1, 58.90
1528808679, 3601, 0, 1, 0, 0, 0.59%, 0, 0, 1, 58.87
1528808685, 3604, 0, 1, 0, 0, 0.59%, 0, 0, 1, 59.30
1528808690, 3606, 0, 1, 0, 0, 0.59%, 0, 0, 1, 58.57
1528808695, 3609, 0, 1, 0, 0, 0.59%, 0, 0, 1, 58.72
1528808700, 3611, 0, 1, 0, 0, 0.59%, 0, 0, 1, 58.35
1528808705, 3613, 0, 1, 0, 0, 0.59%, 0, 0, 1, 58.16
1528808710, 3616, 0, 1, 0, 0, 0.59%, 0, 0, 1, 59.16
1528808716, 3618, 0, 1, 0, 0, 0.59%, 0, 0, 1, 57.78
1528808721, 3620, 0, 1, 0, 0, 0.59%, 0, 0, 1, 56.78
1528808726, 3623, 0, 1, 0, 0, 0.59%, 0, 0, 1, 57.75
1528808731, 3625, 0, 1, 0, 0, 0.59%, 0, 0, 1, 51.09
1528808736, 3626, 0, 1, 0, 0, 0.59%, 0, 0, 1, 48.59
1528808741, 3628, 0, 1, 0, 0, 0.59%, 0, 0, 1, 46.23
1528808746, 3630, 0, 1, 0, 0, 0.59%, 0, 0, 1, 50.94
1528808751, 3632, 0, 1, 0, 0, 0.59%, 0, 0, 1, 51.00
1528808756, 3634, 0, 1, 0, 0, 0.59%, 0, 0, 1, 50.42
1528808761, 3636, 0, 1, 0, 0, 0.59%, 0, 0, 1, 48.27
1528808767, 3638, 0, 1, 0, 0, 0.59%, 0, 0, 1, 48.27
1528808772, 3640, 0, 1, 0, 0, 0.59%, 0, 0, 1, 49.54
1528808777, 3642, 0, 1, 0, 0, 0.59%, 0, 0, 1, 51.50
1528808782, 3644, 0, 1, 0, 0, 0.59%, 0, 0, 1, 51.84
1528808787, 3646, 0, 1, 0, 0, 0.59%, 0, 0, 1, 51.61
1528808792, 3648, 0, 1, 0, 0, 0.59%, 0, 0, 1, 48.53
1528808797, 3650, 0, 1, 0, 0, 0.59%, 0, 0, 1, 45.56
1528808802, 3652, 0, 1, 0, 0, 0.59%, 0, 0, 1, 46.69
